32473.2
5187.95
38783.2
7194.13
21416.2
6983.52
69401.7
5228.44
27106.8
6384.49
8152.58
14862.2
51879.7
5101.83
64868.3
14823
4395.31
3143.4
8800.28
115210
50887.5
70384.2
13176.2
4789.98
1560.43
26776.5
33060.1
9034.66
3636.89
10941.3
18331
12921.5
5310.04
31193.1
9804.13
29790.9
31761.5
31454.2
29945
19451.8
49046.9
11190.5
6063.64
12725.4
48977.6
5088.97
12894.4
7451.23
44195
4845.22
9334.86
76240.4
5606.8
40519.3
16682.5
12646.6
19678.9
7943.3
18831.3
63371.5
45016.6
5303.6
24489.9
38036.5
17104.1
10312.9
20029.3
19835
15191.4
7339.51
14287.1
23044.6
4150.88
22264.4
15736.2
14514.8
38188
26169.6
18662.1
11099.4
38658.7
8359.72
28631.1
13672.6
15939.6
4543.81
20469
20036.6
54518.6
33816.7
9274.19
46537.6
61956.3
23701.5
8829.18
11581.4
20501.4
16959.1
31598.7
22259.6
26752.8
126994
19040.5
74140.9
10305.7
52582.4
9347.05
7196.87
33816.8
21721.4
49693.9
24273.6
29946.1
10900.2
17526.5
13714.9
52818.5
37810.7
6142.84
16987.7
53175.2
20387.7
6005.08
2569.79
2909.21
4662.76
15458.8
8100.88
15456.5
8304.59
45922.6
15474.2
13245.1
29630.8
7554.78
18073.7
5469.42
7290.05
18787.4
20071.9
54990.1
23222.2
20018.5
36096.8
11128.1
2086.27
5149.11
3955.64
28399.9
7422.7
36992
3510.37
23769.8
30295.1
9722.55
9688.21
21554
9879.55
5544.62
61711.4
5145.66
67654.9
14591.6
5132.31
17521.6
9838.67
15219
7003.63
7769.22
9709.04
3108.93
34575.4
8603.9
14241.2
30374.7
8050.9
14574.6
16751.8
16896.5
38396.6
33934
9897.39
16948.8
27140.9
33803.9
7903.42
3596.68
11496
12855.3
9479.04
28606.9
94818.8
26215.3
43827.8
30761.8
6263.99
20727.1
8704.55
16422.3
36536.5
15349.4
13787.1
7205.95
10790.9
12189.1
29363
18261.3
7277.07
28501.7
7680.66
23858.4
7267.49
45993.7
4364.87
40569.8
16884.5
27819.4
5301.62
9013.25
31858.4
9449.35
24221.9
8811.79
30963.3
27093.1
18131.1
36317.9
10066.5
15291.8
34676.7
51570
6626.32
4845.75
24616
23694.9
25673.5
15743.6
24113.8
15247.3
11635
24931.7
42332.9
16984.2
7640.68
34022.9
110716
35772.1
7907.25
15100.8
26740.6
14677.4
16925.5
13318.1
16771.8
21361.5
16889.7
5770.21
17056.3
41906.2
38682.8
27176.7
9824.74
6929.79
27811.2
21887
8177.06
15741.7
12801.3
36233.6
28676.7
67921.5
11744.7
30605.4
18919.3
12147.9
25264.9
27282.9
70082
9964.48
21024.7
16608.7
38089.7
7326.89
10917.5
31407.9
23788.4
20139.2
32242.9
35411.7
37036.6
15324.5
15963
22714.4
47235.3
25537.1
66471
23438.1
28859.1
7020.69
26150.5
25640.6
27168.2
11419.7
72468.1
38454.3
16149
9887.79
24278.4
12935
14493.6
13334.3
38743.8
6846.85
3034.2
4871.16
3596.25
63491.8
27705
5178.5
14057.1
25718.6
25745.6
25490.6
22190.2
46410.1
36732.7
5474.73
17427.1
10501.2
6227.37
8572.5
9209.91
9262.07
11167
19913.1
53411.1
3843.88
22095.4
19897.8
17878.3
88148.6
52965.1
13045.7
19286.8
32486.3
79239
45458.9
34909.7
15626.8
16749.9
15930.2
72869.1
48067.9
46680.4
8959.85
10250.9
21556
10621.6
24799.7
22399.8
4437.6
29730
23270.9
15243.7
23643
13854.8
19187.9
38749.2
22961.1
10950.8
9802.34
26119.7
51864.2
19081.9
15384.9
21562.4
43269.3
21145.4
28971.3
69051.4
5989.23
28382.3
5663.25
13474.9
73977.4
26542.2
79548.6
18739.3
18156.8
21280.4
15541.1
69206.8
26996
15662.3
34506.2
25987.4
6984.86
8373.83
51799.2
18462.1
24880.2
10852.2
29716.7
45390.2
9388.96
18545
22970.4
51487.2
7858.84
35891.8
14284.2
34038.6
46906
25363.4
59826.7
29486.4
15926
50234.5
27026.5
6532.96
21458.8
13413
12984.3
62618.9
9309.34
22225.5
30924.4
63623
42082.1
25685.1
11247.2
12740.2
26235.9
32876
6285
19012.7
18399.6
32503.3
14710.3
16663.5
5853.97
17032.8
6238.82
4079.41
7544.44
10500
13143.4
19370
10464.5
22415
11982
37463.5
3380.11
21060.1
16355.7
12871.3
29001.8
49771.3
22551.4
12673.4
1961.01
30464.7
23652.1
32036.7
11875.6
64083.5
49938.6
29578.3
16135.4
33115.5
20221.1
4492.68
5541.11
23554.7
2091.67
9343.97
3880.9
20051
18548.5
14645.6
48656.6
19119.3
13261.5
36109.2
15713
16804.5
14149.4
33989.4
12329.7
12614.7
13435.1
8672.67
12425.5
10772.3
17791
8422.57
22155.5
25719.1
42515.9
3930.07
16970.2
25213.2
21000.9
36028.1
9330.34
17056.2
23203.1
3067.27
22277.8
15643.2
3202.39
10664.3
32117.7
5138.41
6870.89
18609
47821.5
16516.2
10853.1
35470.9
76407
24168.5
8509.37
48718
28567.9
7506.9
33757.6
33984.3
18743.4
6179.92
26091.5
3680.89
15801.2
30076.6
25146.1
18670.2
22918.4
105948
19221.3
32867.9
16520.3
8794.73
25911.7
55728
10043.3
8134.29
22460.5
12993
36370
36989
26385.8
13007.4
62478.8
5408
11131.7
8803.57
7454.72
31326.3
5654.88
15503
6822.15
14527.5
3922.67
11818.4
18807
12881
63343.3
25755.8
2636.95
8494.77
38424
6848
15950
3475.57
42406.7
36085.1
14676.8
48311.5
24782.1
56672.8
13679.3
21024
22418.8
40167.5
21938.9
32223.9
11634.9
34104.9
12432.7
12240.2
7668.6
18853.4
83686.6
70140.4
90321.3
37367.3
17787.7
12551.3
17938.7
9923.19
19623.3
10956.2
12355
53448.4
7548.99
40346.3
8106.99
20672.2
21782.3
21541.6
93377.5
26942.1
9584.84
25056.3
10504.7
5993.18
9858.05
29477.8
13700.8
46732.3
53715.9
25981.9
12074.4
7255.41
43595.1
9778.63
18283.6
22649.6
78986.8
13049.3
15654.2
23540.1
10104.5
23476.4
20219.2
22357.9
16168
15670.3
13334.9
27464.5
27411.5
9964.87
19230.6
32015.3
69893.1
16449.6
2350.56
22302.4
42858.4
11745.3
56329.9
16786.4
25516.7
36069
24962.6
37806.2
21991.5
41865.8
35306
32237
12489.4
6415.27
14683.2
14085.2
17781.5
22398.5
71614
14116.6
19691.3
25186.3
22268.2
21146.3
7127.55
22106.5
22240.5
7561.29
7763.79
8118.03
88376.6
35695.5
46710.4
28978
14039.7
6804.67
6184.59
16350.3
31531.9
22759
20016.7
42813.3
4314.79
19959
13773.5
45522.8
44519.7
16044.3
19246.8
20821.7
7288.28
28173.6
15846.2
9996.55
14628.2
18227.1
7320.93
78143.6
12567.2
18382.5
16790.7
9121.42
11654.7
87042.3
16821.8
14423.8
8365.86
3153.34
2282.69
15214.5
4462.92
4744.97
7833.21
12443.3
5535.21
25017.1
6676.46
19266.7
77236
11684.3
22607.7
24712.3
10930.7
16381.7
9581.21
20095.6
13823.7
13003.4
26366.9
7668.13
40934.2
66758.3
2857.16
8867.1
6591.86
25225.6
9033.88
5086.72
39678.1
23591.5
5948.58
51753.1
77449.6
2462.99
10740.8
5710.89
61234
55206.5
30863
6025.25
25084.5
11409.1
6875.79
44853.2
54506.5
24959.5
62562.8
11637.4
18496.4
2610.86
28564.6
7683.29
17412.9
13885.3
28702.2
18946.3
47738
18536.7
5717.15
9721.19
23065.3
12103.5
14818.5
13648.5
8870.99
23644.7
27426.8
39021.1
31757.3
76929
55377.7
31557
17384.7
11268.7
43194.1
58054.4
4891.15
9682.67
8947.79
9234.55
11411.8
6197.46
5520.06
12934.2
32277.4
52896.1
10324.2
8849.63
20412.7
10372.5
38072.8
13098.7
26481.1
28450.8
4986.5
24234.1
43306.1
3567.7
10674.8
18037.8
25662.6
59949.4
12109.3
34098.6
13462.6
31652.7
32140.9
22301.8
15529.4
33754.8
14284.6
55813.5
26405.7
59549.7
38330.6
7350.2
9201.16
65673.1
15573.7
8813.51
1936.97
15537.9
14136.7
46430.6
44027.5
24032
31997.4
11500.8
7299.51
17223.5
12438.9
24984.9
46062.1
17609.6
32180.7
97106.1
12858.5
13508
38519.3
29347.2
69178
19954.2
57507.3
5956.49
19896
30801.6
27802.2
28569.4
37412
7051.06
40130.2
3471.6
25379.9
100861
21136.7
12090.5
31280.1
11045.5
6760.53
10559.3
14876.8
9920.42
21306.9
20034.6
32242.3
38310.9
27018.4
11393.9
47438.7
14570.6
65032.3
6539.39
3749.13
9878.4
59169.6
14251.4
14091.3
56400.6
4899.07
3670.15
29567.8
8110.34
14064.1
5484.04
21538.8
16170.1
42573.9
10248.8
7069.28
29889.9
22210.1
7154.87
24485.8
23789.7
59903.1
65858.2
27011.8
48128.5
32787.8
64519.5
60223
38177.2
4545.04
37361.8
21344
6414.04
5064.93
19625.3
10015.9
16067.3
5120.01
11473.4
39343
9049.28
11396.2
15635.8
5252.1
19571.8
7070.08
51490.3
7367.54
13001.8
47920.5
31835.7
7859.49
21338.6
6873.74
56747.5
18396
28532.5
13204.4
26705.7
35079.4
17971.8
17679
53425
15386
9613.62
23822.3
17740.9
38794.7
15068
19773.5
29351.6
11971.6
6028.8
9853.64
4790.77
7997.43
16130.7
34933.6
12777.7
13816.4
8930.04
7547.71
16809.8
24553.9
47552.4
19623.1
29448.3
22230.2
23709.5
25771.2
8304.03
18185.4
8977.44
12817.1
16798.2
20859.7
23933.3
21927.1
22141.8
12621.3
26382.1
7750.04
2955.44
16589.9
17082.6
11970.6
33339
15191.8
22007.6
5398.18
109478
35470.1
29379.5
20382.7
22028.3
3641.73
5450.7
18825.5
7775
24619.2
17209.8
14726.5
19311.3
29250.5
19427.5
14436.6
3209.42
67074.9
19613.1
11207.1
25694.8
51496.7
30725.7
12595.7
19643.2
18483.2
52630.3
16632.2
5471.8
29698.3
11106.2
49507.4
24896.2
29278
8843.38
35958.4
9480.76
64958
10320.6
8088.12
55679.8
26127.5
14216.8
18878.2
7886.74
36999.4
16249.4
29432.3
3941.03
14193.9
24203.8
4404.67
54259.8
26067.2
7596.86
14077.8
22979
8839.71
33292.5
4084.66
25312.4
7641.55
23718.4
21677.3
3049.79
4077.18
21046.5
45457.8
3746.82
23864.7
20880.7
47522.9
11721.2
58390.2
22449.5
10531.3
26615.2
2979.32
8357.99
26778.9
15860.8
19437.9
16202.4
41859.5
17087.3
38117.1
12079.9
21678.9
16861.6
41994.5
41181.1
9630.94
3470.27
5571.36
20936.7
3741.12
8484.94
69106
43916
97450.1
14223.3
10391.9
59225.6
8210.57
7534.11
17554.6
5874.76
36036.8
24879.6
14732.3
34377.1
8783.55
45493.1
8579.41
13175
5678.36
53741.6
84747.5
30025.3
46787.1
14840.6
9591.82
22845
85906.5
7569.7
8000.79
3187.94
4514.02
9917.76
80486.9
9184.79
10770.2
16222.8
23900.5
10699.5
45507
62929.8
13146.6
21791.6
10119.3
16398.5
26765.9
17412.3
15449.5
13876.1
28489.9
17076
16653.3
33552.5
8815.41
8291.81
22632.8
56620.9
45893.5
11361.5
20973.1
25414.2
6334.98
29307.7
11452.8
19485.6
28233
19346.1
15292.4
3704.79
11736.7
37620.8
8787.07
27827.1
62326.2
5950.29
3064.96
19505.2
7198.65
3839.46
9064.79
150603
22393.3
11513.8
58398.2
52738.1
38238.5
23218.4
44053
7626.25
11564.1
10231.5
8730.85
18327.8
38266.3
23458.6
8761.92
8294.81
10743.9
21820.9
19128
38857.2
22303.4
34994.5
19031.3
14933.1
18624.9
15271.2
59586.2
9814.58
10752.4
10395.4
29936.8
4768.3
24489.5
10255.3
57967.4
15452.4
10826.7
29049.1
24252.4
13556.8
24208.9
43525.5
17486.5
21044.8
20759.5
19951
11457.1
38045.1
5717.72
9638.66
16586.8
6508.8
40530.3
54521.8
15813.6
29073.1
15092
58987.7
25856.4
6936.33
21156.8
14924
18910.4
71062.1
33183.7
46635.9
3495.34
19588.4
10194.2
86596.2
13365.6
7282.71
27382.8
6784.65
14429
64761
4515.4
69400.6
16559.9
38315
15021.1
15321.8
16464.7
49966.1
17510.1
29865.5
59803
25642.9
124987
23898.6
31778.5
5028.64
25810.8
19982.5
12416.8
11548.1
11486.1
11395.9
9169.65
16481.6
7862.45
35081.1
5058.83
14169.4
35063.5
12560.4
24640.1
8478.71
22705
61896.3
36614.3
80221.2
22653.9
23540.5
10127.9
13683.9
30118.4
5584.94
67189.6
9430.12
36199.8
17483.1
8088.14
10449.4
81924.8
50194
11500.4
9353.58
47439.8
9971.21
28099.7
32522
11564.4
4259.37
16745.2
14963.4
24722.5
27753.4
8364.98
59511.6
82104.1
16448.5
13903.2
11824.8
13459.2
12601.7
11799.5
6916.5
5873.67
22293
15932.2
31138.7
43882.4
5705.45
23289
6223.13
16753
12496.4
6711.28
48962.4
51956.4
17957.3
3420.34
10644.6
46697.2
25962.8
7510.98
42058.8
10416.5
12676.9
29477.4
23859.9
4499.86
6724.69
30619.8
62020.9
4417.52
24542.2
28783.2
16179.9
36105.6
19809.1
16678.2
56554.2
57367
17730.6
14894.2
15033.4
9861.46
9552.06
18442
5075.85
25416.2
66230.6
10598.7
36687.7
49825.8
20439.7
6624
19367.7
23634.1
20174.3
32705.4
21005.2
30592.5
30510.6
58341.1
40775.9
3087.56
35436.6
46829.1
51948.9
20924.1
5087.41
56819.3
19003.8
36044.7
45317.7
11297.7
20356.5
2859.85
16127
37375.8
54501.2
10892.2
32178.1
9537.37
12019.3
21689.3
4417.49
23425.3
14903.9
9882.72
10046.4
23495.5
31583.6
12980
25854.3
25780.3
10886.9
12155.8
28418
8766.78
41075.3
8531.42
11362.5
48234.6
36976.3
29073
5339.1
47115.1
7965.19
53820.5
9504.22
55093.8
10226.3
53666.3
77639.9
61832
43807.6
26620.2
18789.9
6185.22
17063.7
9245.76
4797.1
17234.4
23927.9
5412.05
27982.7
18775.3
9042.48
6562.53
38124.1
52946.5
30880.5
36000.3
30467.4
6648.19
57165.3
13999.5
20644.6
18987.4
31024.1
31308.8
33310.1
50785.3
36473.9
5011.13
15500.7
74903
12092.1
11251.4
9015.64
9541.48
26657.8
23689.7
55280.3
12435.6
11754.6
13072.3
38005.3
23638.7
24858.7
18926.7
15745.9
6995.85
24850.5
8706.44
42630.2
21277.2
21920.7
4021.84
54757.5
40669.6
65138.2
6523.73
72068.2
15148.7
5137.42
34750.9
45067.2
19002.4
3309.93
5987.44
4457.69
51636.7
15673.5
35619.4
7747.17
4078
14077
26874.8
16544.7
6381.31
14673.7
10670.3
19532.3
5475.72
10846.2
33025.5
66349.9
11156
10929.1
12046.7
44581.9
27297.8
6902.27
14470.7
7385.85
41483.9
30024.6
38392.9
29206.6
36764.4
49167.4
14732.6
13604.6
21149.2
64144.2
66798.3
70510.3
72280.6
12327.7
6040.65
34509.6
13094.5
40392.3
15962.7
4287.82
17402
11303.9
3811.28
2248.09
8796.86
21522.8
17487.1
27844.4
15028.7
14335.8
20838.7
62703.4
34746
26251.6
13331.8
125811
9154.92
6723.33
18551.2
7664.01
11820.9
69667.7
44334.7
7136.28
15052
21288.4
12663.2
38713.8
36247.5
15000.9
9367.15
16629.3
7986.72
4469.72
111240
24286.4
63966.8
34417.7
21100.8
29559.6
43034
7684.66
70407.2
20487.1
5299.44
40274.6
5833.55
17587
28789.1
7652.87
77059
9192.76
18594.6
12783.1
19644.2
20409.6
24307.3
28825.4
65381
9650.05
18139.5
10804
7717.02
18950.6
33682.5
17026.9
33841.5
9971.17
23965.5
17633.1
27089.3
27447.6
41450.8
7924.77
19401.2
37342.9
32743.7
11869.4
25716.6
11444.7
25339.2
8772.18
54425.9
39440
21917.1
40203.2
9196.36
27891
43340
7355.33
5381.73
4869.06
16286.4
90536.9
31026.5
26790.6
14643.4
30483.1
4485.8
16555.6
12673.8
8723.07
5677.17
17559
36016.8
12226.5
47692.8
23684.5
19557
5337.58
23368.8
44320.7
4742.07
55431
12356.3
7819.92
7864.53
9875.5
18341
19519.9
70129.1
11811.1
5402.39
19047.6
9412.59
64221.3
3128.33
13493.3
20896.4
28827
6249.55
31939.1
7801.09
48528.5
19267.6
19939.9
6089.92
31894.8
26997.3
7374
19242
24055.6
60223.6
38291.2
16822.7
17881.5
9178.3
43328.6
65916.5
16611
9938.96
4674.5
20229
43489.6
85357.6
40755.8
9313.7
3698.13
4235.88
7969.31
5555.33
21587
9088.42
55547.6
13537.6
9489.17
18956.5
31240.8
33255.1
8479.58
12597.8
2954.98
6960.58
20127.9
12185.5
10805.5
60035.5
17770.1
17211.7
5358.44
4719.67
51737.5
21947.7
16650.4
21105.3
25251.1
7937.56
31335.6
26972.4
25604.2
31110.8
83348.2
82481.9
40527.3
8297.2
5921.67
50242.3
19686.7
7673.32
40107.3
11036
10498.6
25029
30034.3
17546.7
2341.5
14370.9
34938.2
23705.2
9168.27
68020.8
23719
42056.5
15348.8
42380.9
30055.3
19410.6
24154.3
17621.8
38541.9
8620.27
35147.6
29308.5
10626.5
11880.5
7291.15
12804.7
18232.1
20727.8
16260.3
7614.02
22842.8
31777.9
6067.62
4992.42
31572.2
11700.1
35528.7
4979.46
7557.27
7310.65
44732.1
31173.6
46793.8
46501.4
110303
18109.1
26015.8
8542.95
24680.1
24739.7
9723.68
58391.9
52610.4
7930.03
42343
118174
5311.83
9213.97
56998.9
29484.8
37714.2
24004.1
27368.6
7511.89
25254.9
37745.1
14289.5
8035.87
4688.22
18816.5
18608
8006.13
18068
93231.4
4132.58
12153.3
21700.9
23442.4
15538
26371.6
37081.9
8954.46
5629.24
48292.1
5336.32
10573.7
74842.8
29844.8
11112.8
10377.7
9421.26
7941.69
74526.5
12610.2
15776.2
20250.5
76493.9
20234.7
44425.9
12797.3
18739.1
13609.9
60425.8
6289.43
13983.1
4991.94
21050.7
2460.1
27567
56133.3
10041.4
11635.1
39236.9
8647.78
8861.38
5211.75
45365.1
26438.1
6231.61
16518.6
20832.1
28951.5
12214.9
24794.1
56129.7
22297.7
75202.7
22555.3
13080.9
33400.2
9073.26
14160.1
17353.7
43768.7
6189.61
32591.3
71110.7
56427.4
10781.9
58483.8
27796.9
12040.1
4765.49
35843.4
11269.7
21251.2
26973.2
23734.5
38985.6
51935.8
10305.4
34231
23821.1
11939.6
54385.3
36650.7
39376.6
53966.8
21312.5
8560.15
16766.6
14393.1
21216.2
19791.8
33955.6
22426.7
25511.9
25791.3
12923.8
14474.3
37624.7
26053.5
9608.45
4952.12
9592.14
15552.3
18007.2
38683.7
14643.6
25631.6
67782.3
54252.7
56496.5
36874.4
4946.49
2892.71
45886.6
56291.1
36010.4
14539
18030
4562.27
23446.6
16652.7
12511.6
33408.9
53533
34847.5
27242.2
34426.1
10214.8
29790.8
26058.9
7993.75
54346.2
19551.6
16793.1
9990.54
3420.36
34989.6
17335.1
12679
34785.4
9520.73
21435.4
43741.2
7142.75
9089.9
17208
17985.9
20151.6
46545.8
7616.01
5825.3
11999
26210.4
3765.13
9648.68
6331.93
23460.3
16800.9
41215.2
20252.8
13417.8
53201.3
2564.27
77906.5
12688.5
3684.47
21856.2
39174.9
7052.1
13900.3
19338.2
13878.6
8953.78
34661.3
9372.05
4130.4
62671.2
16533.3
75472.1
58107.3
11688
133992
31739.4
39391.3
43873.9
30013.1
51400.3
11587.8
19096.9
16762.9
11039.9
12066.6
16751.9
33346.8
34045.6
25577.4
21471.6
30752.5
14027
58844
12892.7
53573.6
28364.7
8925.62
43267.6
33355.7
24785.7
26689
53549.8
16097.1
6685.64
20471.7
51623.3
69317.1
136279
46437.2
16658.3
13149.2
6525.05
10966.6
32317.4
21836.8
10580.9
20003.7
64459.1
12114.2
5843.79
4887.84
30881
33870.8
21300.4
7281.5
5019.58
6047.08
14034.2
16901.3
104323
46007.2
3444.61
30323.6
31716.4
42573.7
8604.21
42066.4
10647.6
29360.1
6181.54
8275.1
18383.8
45201.8
6139.73
42587.5
7842.88
61227.7
133159
12514.4
26301.2
6119.83
7406.98
120914
47147.6
29164.1
26049.4
23533.8
35179.7
22811.8
32982.5
3030.93
66186.2
26687.5
53521.4
20704.9
51640.1
22877.9
36163.9
32229.8
9281.42
19290.9
6405.9
36931.8
28204
22376.5
22080.8
40280.3
50796.4
10537
13287.9
39433.7
19613.9
22410.1
15386.7
28733.5
6620.53
7213.78
33951.7
44768.7
21466.8
29997.3
11555
24983.6
27237.3
6301.29
6439.83
23281.8
10037.2
36510.2
16389.3
7020.57
30391.7
31113.7
13909.9
11899.4
7861.06
6873.47
8080.45
16658.1
16828.4
60059.1
18813.4
40734.3
69584.9
32582
17738.4
51283.7
18147.7
6113.6
6099.32
16876.1
79795.7
51329.7
26912
2346.04
8779.54
4757.21
41466.7
26316.9
27634.2
28491.7
7723.4
6194.72
11807.5
25602.1
15161.1
8332.03
49103
9690.63
17728.2
14631.4
4795.58
15222
62568.5
18424.8
16319.7
13928.5
20563.6
36145.4
45057.6
40765.1
23114.5
46281.7
46460.9
42843.1
7464.73
19833.1
16204.4
32364.6
29447
14829.2
35634.3
16458.5
10928.7
5015.25
20058.4
4882.55
13782
45280.6
9466.44
28777.2
25944.6
31727.7
4980.69
28038
18036.8
42250.3
15987.8
43579.8
36001.8
6312.91
56920.7
39741.6
22300.4
8255.48
30007.2
37651.2
70201.4
23623
26461.4
30277.8
16173.8
14653.5
21013.2
62991
15697.3
23134.2
72130.2
19517.7
17500.4
8008.98
23272.5
8614.68
8255.8
109318
32757.2
8723.16
14105.7
22207.8
7364.49
10033.4
48719.1
16001.3
16704.5
13781.7
34270.1
19004
48507.8
37516.8
34135.8
18225.6
26125.5
6556.09
26909
13727.4
28108.9
66613.9
5720.35
40066
18050.8
59698.3
11757.8
4777.65
3584.55
19982.5
10632.5
19380
11605.3
19299.9
34347.8
13741.3
5682.69
8847.36
24594
12564.3
50112.5
11181.8
31025.6
12731.1
16758.4
24992.7
39692.3
49121.4
20876.7
20960
8775.57
12476.6
25076.5
9423.73
13570
43337.4
5334.23
15011.1
7113.82
8266.79
21566.3
14558.5
3304.35
16425.1
24517
6369.52
19034.5
5534.76
14511.4
23365.8
17183.5
101448
8909.61
3877.24
6571.16
17629.1
18594.2
21571.3
14796.8
17956.8
15021.4
38101.6
12078.7
105979
6411.91
11822.6
43217.9
22986.5
18906.7
21774.9
6802.72
66776.3
18300.6
14454.3
74655.8
46101.5
13230.8
19380.2
21340.3
37659
45557
48055.7
11533
43954.5
88806.7
4527.66
6708.35
113872
101862
24488.9
104741
20256.4
63552.4
32546
5268.75
18515
29155.5
30109.3
36741.4
18978.8
10742.5
31405.3
14641.3
25203
32688.1
8820.75
14462
61124.2
3022.74
8838.63
29283
30497.8
4979.36
6852.34
33573.9
15138.4
14106.3
15338.7
10022.4
30483.4
15039.6
49212.5
15897.1
11816.4
11367.3
9301.13
20029.3
41950.8
24219.8
8926.69
31100.3
8784.08
7514.87
4959.14
11551.4
11363.7
17527.8
18231.5
7377.22
18631.7
16576.3
3922.1
15243.2
20508
37112.6
36825.9
4904.59
9007.66
10264.7
17538.9
27723.1
3360.65
38571.8
25074.3
18463
6884.22
5734.09
40786.9
7666.5
61597
18362
5807.72
23975.1
71727.1
30795.8
65318.3
24597
5841.05
15822.3
51143.1
24316.4
14594
68357.5
33461.3
72596.8
40640.5
18820.4
30547.8
40759.1
11366.6
48637.9
15895.2
97824.3
9825.87
52388.4
19574.5
24348.4
7236.41
29223.6
14151.4
10568.7
8410.31
116689
5151.69
79549.3
111987
32512.1
4586.84
28235.6
13800.6
4477.8
11799.2
4033.19
10017.9
17184.2
12320.7
4772.41
9840.23
11952.1
4295.86
10344.3
69864
19486.2
33112.2
11049.3
42386.5
33313.8
1755.58
16289.7
26506.8
33038.7
28394.1
22197.9
31427.2
4774.11
10230.8
29461.7
1592.3
16358.8
4224.28
8080.08
13088.9
9656.59
23687.6
10673.1
22857.4
8239.05
36084.6
11098.4
11882.2
6109.59
21991.4
11463.6
24166.7
80940.1
29584.1
9502.14
9358.87
41307.7
6701.82
30273
17365.6
92267.4
39646.2
46141.7
11166.9
9122.27
23625.5
22668.5
44192.5
68050.5
16939.3
9388.46
27023.5
23790.4
31529.7
16560.1
25396.1
30285
64021.4
43912.8
47645.7
14246.5
46024
7655.56
11274
28166.7
6192.38
8837.44
8949.04
87017.4
4763.31
17375.1
45094.1
16523.1
6750.2
10612.1
17357.1
39020.4
28772.9
39502.6
21143.2
5284.04
9390.81
15450.8
5920.3
12578.2
30983.5
4120.98
15048.7
14981.6
30504.1
7278.91
3426.32
18472.2
12502.6
16536.7
20034.7
71090.9
15003.7
29947.3
21475.9
14847.3
41199.3
12907.9
22669.8
27058.8
2386.58
33224.7
7003.51
46879.6
42916.3
111806
3903.72
6843.77
11207.6
62032.3
6369.15
10979.9
2686.94
23469.2
10697.7
59531.7
52938.7
14548.8
27302.1
8260.83
6598.98
46892.4
16660.1
36381.1
31313.9
106308
9327.2
2984.79
17953.9
34004.1
18020.1
17453.4
12096.4
16044.4
65713.3
24426.9
28327.3
17529
35298.6
67958.1
6109.27
33604.2
9929.5
8026.55
84867.2
11274.2
60844.6
29963.7
38657.4
37866
26460.5
24224.8
6348.64
56488.3
42632.8
3711.93
45243.7
21048.3
38965.7
4784.95
7620.46
8329.38
16090.6
23937.3
23314
46123
25814.1
10382.7
58331.4
12314.3
13540
8232.93
26827.5
9679.92
31529.1
5104.1
38320.3
80503
25650.3
26757.3
31658.4
57781.7
50383.4
16936.6
80616.1
32737.2
4726.26
9570.07
98393.8
28763.5
10809.1
21526
18552.8
4970.52
6711.11
16564.5
27448.4
41411.3
5874.16
20053.4
4114.04
50369.3
32505.3
56447.6
7112.64
5317.18
6979.03
8643.87
23485.2
10928.2
13745.1
37110.3
29442
12024.8
28371.7
50237.3
15543.5
22795
3913.38
4462.89
8231.38
22757.4
15004.6
47664.9
6558.82
25133.7
29527.3
25348
11390
9913.78
15586.6
11746.9
17971.8
18595.6
18980.5
16678.2
18764.5
7552.37
7741.67
19330.5
16264.7
4045.4
37456.9
7481.46
14712.8
14398.8
32245.4
34573.3
8366.38
20394
11044.5
73165
14141
49562.2
12174.2
25993.2
42921.1
29132.9
21580.6
17416.8
30451.4
31004.5
4726.1
9394.53
17033.8
13940.6
7911.34
13214.4
28257.5
38042.4
17107.3
40103.8
4049.55
39987.9
24355.1
3821.87
5466.14
25659.7
29361.5
7898.82
37205.4
19561
14640.5
11598
12374
86731.7
23005.2
45917.7
15025.9
14365.8
24131.2
11444.2
24779.2
24973.3
13670.8
36665
17476.6
5549.49
16747.6
39324
5581.01
19685.3
13580.5
20451.4
38387.1
18164.7
19984.1
47064.7
4492.64
33091.6
9636.45
23086.1
7702.25
12227.5
6128.92
4128.3
34297.5
8635.8
109385
13794.7
16753.1
27211.7
11072.1
70137.9
11980.3
9001.87
19691.5
30592.2
60293.7
7514.03
20850.3
47402.1
2500.5
9921.01
13720.5
74725.8
33243.7
16491.4
42929.8
27102.7
13875.6
13323.2
31318
5668.52
5623.9
27805
11657.5
16154
10666.3
5244.38
34342.8
15352.1
6620.17
59442.2
19188.4
25061.7
19973.3
48665.6
35894.6
35589.5
96037.1
24619.8
38772
15955.6
35019.9
42371.9
21288.3
7302.32
31584.8
19823.7
17763.9
12678
60088.8
16676.2
8259.35
74351.5
12665.3
12333.4
21749.3
36708.4
8707.74
3487.61
5570.58
8231.1
7900.5
29448.1
24111.6
32236
20466.7
57190.7
2591.36
14255
9661.94
7881.64
5003.08
2460.84
32422.5
30906
13185.8
10000.7
6349.88
23478.3
30487.8
25571.2
12012.5
18766.7
19212.1
21248.4
53674.1
12520.2
5425.08
13991.5
5486.57
86114.9
8560.72
9797.19
42365.8
17377.2
14338.3
15561.6
89237.5
21399.8
138289
6232.35
14533.6
16100.9
13108.2
6962.47
9109.45
69703.3
40405.6
27899.1
45802
3085.81
36269
8864.05
22985.4
33243.4
28163.1
8885.68
4105.7
18755
21853.9
16474.4
41449.9
75277
7734.43
25436.5
32191.2
30742.7
29904.7
12364
19957.5
8388.57
12107.5
8778.76
17628.2
19054.7
39993.1
39184.8
7807.76
9212.72
10696.3
9332.99
9346.35
6603.51
22847.3
10234.9
10672.6
9683.59
49372.5
24707
9600.8
31209.5
19443.7
20388.2
12475.1
39984.5
35954
14775.5
55412.5
37132
15290.6
12447
20681.2
10556.3
12400.6
43940.8
41640.4
16462.2
94038.7
22660.9
5299.62
68975.5
12015.5
37897.7
10499.7
9828.44
61871.7
12103
47574.4
26113.6
49700.1
13906.4
28130.4
4537.52
17494.4
10377.2
3461.2
36619.3
46057.1
18492.8
17738.6
31118.6
8890.43
24547.1
64152.8
5171.3
24156.6
22555.3
29624.1
20117.7
7214.09
8387.52
9200.78
29636.6
16390.1
75994.9
8847.03
13543.3
67244.1
20779.2
5205.29
14182.6
38992.9
8959.55
38889.6
20423.1
14585.3
3139.05
14714.6
5521.79
4913.42
102135
42849.8
8203.1
25651.8
29680.7
38492.5
8895.89
50380.2
21617.9
40180.3
14254.2
2667.82
32609.4
13686.3
21045.7
35553.3
43266.2
6424.61
55497.3
5040.13
45021
35981.4
17055.5
6824.01
12805.9
7731.42
20042.8
41759.4
19222.6
23270.3
12197.9
55153.8
15537.5
42390.5
53148.7
45030.5
14966.8
43074.1
38710.9
9852.39
20312.9
62810.7
4072.46
71263
5730.57
26454.8
15737
6043.17
12545.5
9437.88
70672.6
16628.1
18382.5
27716.1
6738.31
35712.1
5527.51
63258.7
4722.92
19016.2
13841.6
7172.74
18168.4
44473.8
7522.74
25035
23627.8
20380.1
26103.9
98962.6
20474.7
3783.35
32318.7
102457
11198.8
57710
19151.3
30968.8
30642.4
16381.5
23823.2
6840.01
18529.8
35807.5
42103.1
23801.6
75561.8
16776.9
30861.6
19408.7
12405.3
15551.4
87578.8
19786
17779.4
24878.8
22842.2
47098.3
9086.98
3721.31
21525.5
46070.8
49364.9
31105.4
18205.1
26757.2
7869.25
42178.7
44815.7
8128.78
12510.4
10045.5
35809.3
6666.01
29956.5
28235.8
28676.2
13444.7
3648.64
9111.54
5142.01
21002.5
11728.7
19183.1
70877.3
26800.4
31442.3
8364.02
37109.5
12131.1
52657.2
10940.2
16214.7
19860.8
16931.5
8032.85
19291.8
23717
6205.2
34319.6
7782.5
59587.4
12699.1
23070.2
15233.9
45814.8
123440
27892.6
23149.7
5742.96
19293.4
71740.9
35384.8
7803.35
21003.3
73784.8
10253.9
42968.4
18206.4
6910.47
9451.69
47101.2
38878.3
7678.23
15990.1
14223.8
31841.6
32804.6
16697.2
13934.1
10488.6
23086.6
26115.4
23520.5
11276
60619.1
16414.4
21737.3
13443
8940.03
52035.7
25775.1
21515.4
27264.7
18168.2
52241.2
4752.11
17996.3
22522.1
6093.69
72381
47297.9
36168.1
23449.1
7749.81
5569.98
34669.1
19098.1
21033
30740.5
13622.3
22782.1
23872.9
14482.3
2509.24
8886.24
55792.7
16807.8
28015.8
5195.15
27247.9
9116.94
53524.8
15479.5
5295.99
21132.3
17120.3
13166.7
18345.1
56988.3
20092.6
10352.1
24516.6
58271.3
13209.1
21718.4
50112.4
45555.8
8746.07
11293.9
23986.4
25170.9
4235.9
22655.2
7293.48
69501.6
11073.2
16499.9
15748.2
10533.5
5296.61
9118.6
4543.7
21158.3
20551.2
34959.9
27440.1
18068.9
23505.3
36871.1
35417.5
27195.4
6688.84
24851
25513.3
9764.39
12636.8
23069.7
49572
32170.4
12437.3
15840.6
16856.7
26151.9
11348.2
84434.5
37464.4
15620.7
40537.4
9182.86
24881.5
13367
19375.1
27125.5
21624.9
5512.05
4894.66
23192.1
25652.6
21069.5
20788.5
9600.14
87617.8
26824.8
31426.9
30847.5
12060.8
14981.2
16559
30728.9
9488.07
10396.5
17205.2
4460.53
42130
36389.2
13318.1
31456.4
12999.7
18273
45434
6147.91
8778.05
12423.8
24847.1
10163.9
6790.83
34749.8
26540.7
15914.2
26659.6
28255.8
21566.1
43596.9
10757.7
48701.5
21178.9
22875.5
18364.6
3062.45
12127.8
52026.6
4948.94
3971.28
16764.1
16743.5
52958.8
13507
36657.4
3934.14
15385.5
12459
23756.6
12957.5
13499
9893.6
21377.1
25327.8
15412.5
12178.6
13804.2
57217.9
12107.2
11216.9
16933.3
19295
25493.5
8439.38
9709.56
19563.9
2491.37
27505.2
23508.7
24166.7
14929.8
30054.8
8569.35
12101.6
10851.5
20543.2
30385.9
36434.5
18537.6
4720.46
5676.98
41736.2
18678.3
70040
15246.6
13087.6
34630
17400.2
27034.6
22474.3
13945.7
11958
13350.8
27943.1
47275.3
44618.6
8288.3
9798.15
10718.3
7449.1
4767.79
19264.5
30999.4
6662.6
5616.69
4635.4
15208.9
6105.3
34400.9
33988.6
7624.55
79180.2
5688.15
2737.87
6938.77
11779.2
18756.8
29490.2
4688.67
4019.1
13468.4
21830.7
15977
21749.3
5047.76
8739.09
11362.1
27529.9
14627.4
15457.3
31571.3
9591.36
17786.1
11995.9
20490.7
47659
31810.6
49490
74001.1
24125.1
18038.6
12646.9
47897.1
9660.79
19835.6
68716.6
22876.1
38115.9
49549.5
44649.7
19892.3
31614.2
26875.8
9933.36
15491.2
15231.6
25990.5
24520.4
64846.2
19225.6
46158.7
8961.45
27352.1
29416.9
19624.6
41083.8
28181.6
15886.5
11865.3
7118.8
102566
2885.78
10245.5
49071.5
18851.7
12007.8
10178.6
51815
17205.8
13091.3
76546.4
44586.7
10527.5
32672.9
13024.3
25299.6
11707.3
27945
32189.1
9168.99
7123.88
15928.9
3983.31
17399.5
25207.8
12268.8
7440.83
2428.37
26882.8
51958.3
51391.8
47411.1
29898.6
35837.9
37378.1
40398.6
47059.9
23911.3
59840.2
70543.6
46119.6
13489.8
71024.9
36636.6
6040.78
22175.6
58698.1
9336.31
32054.8
14191.8
9924.78
21065.1
40784.8
10284.5
13872.5
11171.8
13431.1
6558.23
16496.9
37894.7
37765
29058.3
51856
39618.1
25571.5
32403.7
3717.59
7213.12
60261.2
19299.9
39244.4
4623.45
9293.47
60705.5
14139.9
6317.48
10662.7
11396
5798.89
33331.5
36137.5
25990.8
17439.3
7657.91
11094.8
21595.3
17602.5
31024.2
12116.8
15818.9
22780.5
11518.2
47294.6
7447.86
23130.9
28119.5
66904.5
21803.5
49016.1
24058.6
16904.1
45830.9
3198.17
16718.2
33275
12830.6
7115.32
34121.5
27790.7
40194.6
21045.9
15448.7
13504
9269.51
16011.7
38284.8
6760.1
19404.5
30122.1
25149.9
21605
31508.9
13152.7
12669.2
13095.9
23952.6
13647.1
33719.3
30816.3
6419.71
30370.9
2616.69
11263.5
55473.5
5340.57
19974.8
35060.2
39570.3
11343.1
63178.5
12697.7
28028.4
6488.14
32357.3
20720.7
71090.7
13984.1
25507.1
4517.24
38738.8
18799.3
34584.1
16159.5
31421.2
20234.7
19114.2
50015.6
7339.01
21474.2
59518.1
42086.4
5800.83
52848.9
22838.5
55621
8740.35
6552.49
46930.3
15675.9
35917.6
31942
22158.9
26229
31641.1
47678.8
58342.9
3441.71
23993.3
22605.6
15483
6578.06
43054.4
13710.5
8593.81
53866.8
5676.25
15389.3
7326.15
29587.3
44740.8
36862.4
26929.3
17467.1
37517.2
16310.1
28027.2
3535.75
10651.6
23896.4
18382.8
19697.4
22590
52313.3
11744.4
13909.7
16585.5
11937.5
8124.31
27509.8
6337.5
30315.4
14346.1
5422.88
11706
35256
16376.4
17282.6
15116.2
39355
47623
21014.1
10045.4
32088.2
10525.8
47180.1
34178.6
15311.1
14135
35087.3
27794.3
13095
12812.4
47968.9
8107.75
28134.8
84552.5
3306.78
12880.4
95342
12656.1
18820.6
74109.1
33627.4
27359.7
10101.4
5058.72
52647.2
25253.8
33469.5
7601.15
8492.03
20531.7
19693.7
3796.73
11058.9
26535.8
26911.3
33986.2
32086.1
52190.5
21808.3
38781.6
4422.26
38669.1
22165
25767.4
8731.97
22760.9
5588.94
43888
3792.2
27439.4
25019.4
4820.32
40775.6
38405.5
26136.2
17161.4
12870.6
5343.45
24760.1
56889.7
14227.9
6868.1
28979.4
12750.2
10692.7
24983
6723.09
19608.4
18628.6
15513.5
13604.2
24844
36929.3
27028.2
9967.93
35960.5
23522.5
83484.1
33786.2
10422.6
9460.75
23871.5
96497.9
14235.5
11031.4
60735.5
10963.4
23765
46419.9
99729.4
8616.45
16384.2
7336.62
7985.18
24002.9
5236.13
12620.3
11441.6
4075.81
33723.6
30744.5
39588.4
23175.2
27201.2
27642.5
67595.8
36750.6
19040.7
16675.8
59047.5
6795.28
34853
23414.4
67723.7
14967.1
9818.82
13591.7
5537.44
40431.6
56322.8
6630.6
8726.2
15407.1
7171.77
23765.6
37254.5
12379.7
11678.6
39206.3
17700.8
5246.31
18276.2
13305.6
25514.6
58507.5
8299.88
33248.5
41321
25191.3
5379.05
9204.38
16582
9420.33
13476.4
9825.24
32447.1
13053.3
9635.85
3028.94
34370.9
20716.4
5400.57
16615.6
24687.3
9171.96
9620.93
10828.6
20937.3
43920.4
6414.61
38564.4
18794.2
34129.7
24433.4
18514.4
19580.9
14311.8
7081.25
18234.9
30609.9
65254.4
11696.1
34246
21034.8
7936.5
6373.24
13634.5
31700
9952.25
44782.8
11611.4
11726.4
8281.07
16744.1
10867.5
67775.3
21963.2
67437.7
57359.8
20881.3
24925.9
16119.8
9697.74
38809.7
20459.7
19687.4
47186.2
16057.3
3892.74
51880.4
5924.05
11511.9
18213
13506.2
6285.93
35313.6
3091.37
15174
27833.4
10977.4
36589
6592.68
28061.9
5571.74
25436.1
34065.6
9575.25
22418.2
49406.1
20364.7
15820.1
61895.1
18212.4
23219.9
34812.7
21962.8
29120.4
60433.9
41831.8
5359.6
57671
19236.8
27645.4
21507.1
40229.4
3613.17
20475.1
14218.9
58851.3
18874.8
14283.4
8055.89
64009.2
24739.2
27318.6
17483.8
46104.9
24536.7
34187.7
6462.57
8021.2
6195.36
13951
7288.03
3740.57
2826.35
13905
13134.8
11441.9
12093.3
20615
45816.1
35774.2
30965.9
3276.45
12336.3
40298.9
8168.77
27156.6
5283.92
8444.55
7765.29
12560.3
8346.39
64205.5
35620.3
14102.1
10778.6
29852.6
31673.7
4774.77
14546.9
27987.8
6226.72
4524.32
20781.5
18970
22822.7
20179.7
13121.4
33576.7
14147
5879.52
22032.3
14967.1
43405.5
48462.6
23255.4
22249.9
60999.8
14517.6
21171.8
36071.8
21551.8
30665.4
58800.1
38186.4
10300.2
11655.8
16616.7
44002.1
7980.67
10500
28960.7
32148.1
30872.4
48632
70351.9
4445.07
28237.6
94229.9
59622.3
18070.7
11390.9
10180.9
25766.2
6071.93
41302.1
19983.8
5150.38
40533
13324
34313.8
8153.99
2340.82
30520.1
33127.1
5167.29
8670.75
46009
16509.1
7071.37
36429.5
23456.5
32214.7
25933.1
110334
23156.6
23747.5
53025.1
9060.14
18923.5
93496.2
18252.9
21973.6
5595.15
29864.8
12906
11879.4
8463.02
8573.87
21891.3
14732.8
50332.3
7748.56
13009.2
8551.63
4538.39
24291.5
59133.6
15375.1
13942
18850.3
24967.3
8508.78
88205.5
97351.8
47778.3
5552.77
6771.11
39081.6
15699.4
12645.3
8498.06
31094.7
16504.1
35290.8
10407
46346.5
42798.1
12566.5
5800.36
36990.5
26080
16323
15015
2819.89
18041.8
23083.7
17105.3
5174.3
15250.5
30667.1
42151.1
218733
39068.5
18351.6
7522.2
31887.2
24461.8
29692.8
36307.8
10131.3
18163.7
33668.6
15397.7
29732.2
18191
22879.3
8881.86
15499.3
6262.18
8306.98
5564.27
26206.2
18897.6
7052.54
39472.8
25224.4
13745.9
30137.6
14830.2
23867.1
28623.7
13519.9
11794.8
62600.3
7189.17
9504.75
8889.09
25547.2
17222.3
6878.55
22459.1
8596.84
10170.8
16004.1
64794.6
26989.3
6822.55
16165
13415.1
4551.05
34938.5
27644.2
47667.9
21834.8
6163.94
8732.6
116687
9124.11
6840.62
37823.8
58821.6
5513.22
15102.7
6991.17
54799
8037.18
9128.86
43421.2
75271.1
22307.5
17112.5
17420.8
52348.9
20035.5
11513.2
43334.9
42737
6254.65
3311.62
14194.9
12095.8
12476.7
8793.53
17511.6
28740.2
9272.92
36229.5
47257
48525
11433.2
7155.49
35493.8
4053
38326.9
11054.9
20955.4
18971.9
32727.4
48866.5
52631.4
23130.9
9341.09
21116.1
14339.7
11801.2
50416.8
92413.2
22180.9
6737.56
12074.6
26796.9
13695.7
12829.8
18648.3
8187.68
8228.12
10032.7
4169.03
43644.1
32677.6
10928.4
59822.9
105800
20080.6
10739
13741.3
12493.1
14767.7
42363.3
17632.9
27151.8
8830.26
25481.6
9865.62
38917.3
52533.4
5114.91
7821.3
20285.4
33109.5
7389.54
52716.3
8170.25
7349.29
45852.4
19340
20827.6
26781.6
26775.5
9763.2
15687.2
21658.1
15939.4
42538.9
21134.4
27608.3
10425.3
48122.8
52710.1
30993.2
41985.5
11100.5
22678.2
28952.7
22770.5
22737.9
28283.9
52066.2
13812.3
12427.8
26534.6
37693.5
14238.9
15195.7
28260.5
7444.56
16021.7
52232.6
6327.45
15592.7
19682.3
18244.4
34330.5
13466.1
5517.67
58330.9
32050.8
19588.3
9702.84
60834.1
34086.8
103876
26309.2
29374.8
74242.3
5238.23
36547.9
5417.05
55410.7
15496.8
16371.4
12304.2
41734.6
18806.4
8703.95
6766.54
5983.27
17925.8
29035.3
26166.9
20285.5
12439.8
24620.6
52726.6
9335.25
7147.43
42505.1
46172.9
96167.8
10215.4
31537.2
28282
25008.7
60421.3
35915.9
9548.44
15232.2
22188.9
20361.4
43894.6
9707.59
15325
15934.4
12446.8
12083
6844.4
64161.3
28013.5
3116.31
21164.9
37117
9261.47
2840.29
10430.7
13246.7
17880.1
43752.8
18904.9
34645.2
39862.3
18485.7
29351.1
7746.95
19916.3
6395.29
19074.2
23938.8
52042.4
5485.86
48320.7
82798.5
24376.8
30866
11514.9
3396.19
10966.1
11920.6
7003.67
11606.4
49034.3
21202.7
18022.6
11738
60602.6
25240.9
41949.9
8250.36
5200.03
15322.6
43896.7
14868.1
65892.3
83354.8
54964
39491.3
15448
13975.3
5627.13
28580.4
7123.19
27464.9
11209.9
53071.7
18851.4
10162.3
12445.7
9637.34
70250.5
7918.56
72413.6
61924.6
39534.5
15175.2
71795.8
7179.24
54906.5
7904.48
9724.47
4348.36
9660.64
23265.7
5012.55
4406.26
40038.7
12005.4
24644.5
14718.7
11402.6
19712.3
18031
47349.8
12519
36685.9
6597.65
4876.22
10279.4
14841.7
10646.1
18332.8
10803.7
19002.6
22523.6
44671.8
17681.8
36781.4
18910.8
23440.4
13254.8
22245.6
9731.78
6777.22
69408
60934.2
32017
18776.4
8860.13
15977.7
7103.81
17575.5
37215.4
14077.8
11936.7
36662.4
40009.7
17575.6
25980.7
19806
14078.2
9560.13
20077.2
14209.8
11304.8
5644.97
20940.5
69734.7
22112.7
23777.9
34935.2
16405.5
18661.9
9310.09
11158.5
31446.5
36281.3
12224.7
61322.5
26210.7
24587.4
32368.1
17564.1
29805.9
18161.1
40512.5
40695.6
19509.9
97691.2
37968.2
7025.75
9684.98
89299
4907.06
18181
2717.09
26823
4544.96
9940.43
10067.7
18522.5
48697.1
40152.5
35794
2093.29
12878.2
5429.42
39347.5
70972.8
17395.8
43261.9
17248.5
2795.16
47021.9
25313.5
31724.5
15515.2
9804.38
36258.1
10016
36374.6
6588.68
21000.3
14378.9
6450.34
19017
82782
6741.53
6533.84
16714.8
14800.2
4734.7
11538.8
34984
14653.4
10645.7
13528.4
16995.6
29413.9
4923.95
16984.4
3409.72
5013.62
70302.6
32560.5
6342.77
13097
6238.35
9470.52
18420.7
10456.6
5557.86
18940
13114.2
18336.7
8695.82
33586.7
22997.9
8883.14
15006.1
7350.74
2108.16
14132.1
5489.92
8867.14
11239.9
6874.78
94371
51874.4
17092.1
41168.8
36499.3
6497.57
5219.28
8014.18
13582.7
12891
22838.1
2376.11
8311.28
54771.9
10393.1
28279.5
44036
84845.4
17061.3
7342.68
32981.3
16686.5
10596
2945.14
133708
6918.89
33406.3
26518.2
33939.7
16956.5
44240.9
18430.2
64211.2
11680.6
3815.45
56285.2
26376.4
9040.62
7091.1
16563.4
20199.6
64221.5
12821.7
22326.5
35409.7
19293.7
5115.73
18852.5
29648.5
5780.22
9952.23
39027.3
12418
11972.6
14894.3
9922.46
21431.1
10053.8
42559.3
9851.73
35840.7
8616.41
46115.3
67942.4
37799.4
44676.7
7942.09
24639.6
16319.3
27180.6
48155.4
44034.5
12323.3
9870.26
17084.1
19998.9
20652.4
5374.74
41218.6
9248.04
51975.1
19930
27119.7
13293
7893.04
19608.9
16753.7
9058.12
6111.61
7512.6
12270.7
39266.7
12444.9
134554
92801.6
14408
7276.83
31303.8
6816.34
24875.7
46507.1
6368.37
11208.5
54961.3
28183.8
10238.6
22171.7
17108.3
12645.1
50999.1
7134.38
36134.6
21641.6
28276.5
4375.4
52072
28559.2
28389.7
34825.6
5474.09
10222.6
35658.9
9988.36
21654.3
18988.3
7670.17
44805.1
22015.5
85295.1
24944.8
20346.3
35497.7
79449.3
7689.46
16049.2
64702.8
25480.3
5444.89
6363.13
28800.8
25527.1
8186.42
37802.4
17514.8
12038.7
56800.5
4607.04
11568.1
20706.5
15994.8
39299.9
3483.89
28350.3
11291.2
10949.4
25772
44313.3
33522.4
13517.7
7765.53
22471
55112
54223.4
93945.1
15006.3
23339.3
61541.1
25606.3
71593.1
5804.09
30964.9
45718.8
71865.4
55615.8
9132.37
53461.8
3697.24
29119
2836.54
46215.8
38233.9
50032.1
69654.1
13960.8
7257.55
50146.9
29543.2
12767.5
16992.6
30397.9
21814.7
27756.1
35969.1
8630.72
34402.4
61915.8
3638.12
36535
5106.67
20153.6
14954.1
23330.9
14560.3
10469.9
8945.56
16006.8
34485.1
22815.3
5934.74
12327.7
22513.5
6669.83
4713.53
20600
11785.1
17442.5
11507.1
17031.8
54042.3
10403.7
19113.7
43574.7
5145.57
34638.7
14410.2
11785.7
22198.1
5345.86
14054.9
33193
33652.2
10177.3
14053
29895.4
29395.5
10184.8
12252.7
10915.4
36627.4
19474
12964.8
11701
34976
42946.3
16587.9
13875.9
8913.41
44620.7
8976.78
9653.27
4196.98
36612.9
31983.4
14082
18994.4
60045.3
23691.6
19252
22436.5
12414.6
9653.04
9545.77
3461.83
5516.66
11781.4
35932.2
22146.6
13011.9
8716.95
6697.49
7603.12
33728.3
7031.74
14247.5
6154.6
11109.2
15685.1
18266.4
9381.3
17373.8
10245.6
3354.89
73090.1
35208.5
62370
23070.2
20756.5
9434.01
33203.7
28677.7
5473.15
12182.5
25032.9
11507.1
12501.2
68369.1
35252.8
7986.86
8722.87
37878.3
7657.48
16098.2
17409.6
24022.8
9310.43
8783.75
89541.8
3699.78
10342.9
12942
17931.2
47013.1
35522
18393.2
6376.64
17690.4
15798.3
10529
7648.56
18090
16322.1
37694.1
22243.4
6972.47
39035.8
21498.5
20555.3
12202.9
52517.4
7769.05
34261.4
18873.6
4429.05
18109.8
6615.79
30640.1
5586.46
11006.7
7234.73
5949.44
18252.3
24439.2
95154.3
32006.6
32561.7
28276
21903.1
30253.7
107538
8500.84
29827.3
17665
3700.66
6984.89
10439.3
58831.5
14469
14806.4
6223.36
7951.81
22850
8528.88
7631.53
21837.6
25354.5
42118
8867
9243.8
28955.5
13407.1
12140.1
12823.9
22424.4
7918.18
13046.2
28207.3
9311.17
20847
14397.8
10594.2
17668.9
10662
18054.4
7020
12035.6
39832.5
15300.6
42662.7
4533.53
26950.3
40336.9
5828.64
11018.1
50158.6
20619.8
9292.19
50843.4
24762.3
14988.6
7003.58
7674.01
29226.5
15901.6
63824
19907.6
12299.2
16482.9
6684.86
44692.8
8983.44
10071
13353
14802.2
14643.5
37354.1
18239.1
23017.9
38357.3
31911.9
5549.78
32506.4
6177.48
27982.9
41296.3
11745.5
26611.4
28955
27441.5
19350
41989.2
21619.2
52262.3
9120.05
9282.55
41949.6
18708.2
13121.6
22814.3
8147.5
17874.7
14437.6
17508.2
7553.35
