32473.2
5187.95
6983.52
5228.44
6384.49
8152.58
51879.7
5101.83
64868.3
14823
115210
50887.5
26776.5
33060.1
3636.89
5310.04
31193.1
31454.2
6063.64
48977.6
5088.97
7451.23
76240.4
5606.8
40519.3
16682.5
18831.3
45016.6
5303.6
24489.9
17104.1
10312.9
20029.3
19835
23044.6
4150.88
38188
18662.1
38658.7
8359.72
28631.1
13672.6
4543.81
20469
20036.6
61956.3
23701.5
16959.1
31598.7
26752.8
126994
19040.5
10305.7
52582.4
9347.05
33816.8
24273.6
16987.7
53175.2
6005.08
2909.21
15456.5
8304.59
45922.6
29630.8
7554.78
7290.05
18787.4
23222.2
36096.8
3955.64
28399.9
36992
21554
9879.55
5544.62
5132.31
17521.6
9838.67
15219
7003.63
9709.04
3108.93
14241.2
30374.7
8050.9
33934
27140.9
7903.42
3596.68
11496
12855.3
26215.3
43827.8
30761.8
6263.99
20727.1
16422.3
36536.5
10790.9
29363
18261.3
7277.07
23858.4
7267.49
27819.4
5301.62
9013.25
9449.35
24221.9
8811.79
27093.1
36317.9
15291.8
4845.75
24616
15247.3
7640.68
7907.25
26740.6
16925.5
13318.1
16771.8
16889.7
27176.7
9824.74
6929.79
8177.06
12801.3
28676.7
67921.5
18919.3
25264.9
9964.48
16608.7
7326.89
10917.5
31407.9
23788.4
32242.9
35411.7
15963
22714.4
28859.1
7020.69
26150.5
25640.6
27168.2
11419.7
9887.79
12935
14493.6
6846.85
3034.2
4871.16
3596.25
14057.1
25718.6
25490.6
22190.2
46410.1
36732.7
5474.73
10501.2
8572.5
9262.07
53411.1
3843.88
19897.8
17878.3
13045.7
79239
34909.7
72869.1
46680.4
8959.85
15243.7
23643
13854.8
22961.1
69051.4
5989.23
28382.3
5663.25
73977.4
26542.2
79548.6
34506.2
25987.4
6984.86
8373.83
18462.1
29716.7
45390.2
51487.2
7858.84
46906
29486.4
15926
6532.96
21458.8
13413
12984.3
62618.9
9309.34
25685.1
26235.9
32876
19012.7
32503.3
4079.41
22415
3380.11
12871.3
29001.8
49771.3
22551.4
12673.4
30464.7
64083.5
29578.3
33115.5
23554.7
20051
18548.5
14645.6
48656.6
13261.5
36109.2
16804.5
33989.4
12614.7
13435.1
8672.67
12425.5
17791
8422.57
25719.1
42515.9
16970.2
25213.2
21000.9
9330.34
17056.2
23203.1
22277.8
3202.39
5138.41
18609
16516.2
10853.1
35470.9
24168.5
8509.37
18743.4
6179.92
3680.89
25146.1
19221.3
8794.73
25911.7
22460.5
36370
31326.3
15503
14527.5
3922.67
18807
2636.95
38424
15950
48311.5
56672.8
13679.3
21024
22418.8
21938.9
34104.9
12432.7
12240.2
83686.6
90321.3
37367.3
17938.7
19623.3
10956.2
53448.4
8106.99
20672.2
21541.6
25056.3
10504.7
9858.05
29477.8
46732.3
53715.9
25981.9
43595.1
13049.3
10104.5
23476.4
20219.2
22357.9
16168
15670.3
13334.9
9964.87
19230.6
22302.4
11745.3
56329.9
16786.4
25516.7
36069
37806.2
41865.8
32237
6415.27
22398.5
71614
14116.6
25186.3
22268.2
21146.3
7127.55
22106.5
22240.5
7561.29
88376.6
31531.9
20016.7
42813.3
4314.79
19959
13773.5
16044.3
19246.8
7288.28
15846.2
14628.2
18227.1
78143.6
12567.2
16790.7
9121.42
11654.7
16821.8
14423.8
3153.34
2282.69
15214.5
4462.92
4744.97
5535.21
25017.1
19266.7
77236
11684.3
22607.7
16381.7
9581.21
13823.7
13003.4
8867.1
6591.86
25225.6
9033.88
5086.72
39678.1
23591.5
51753.1
77449.6
2462.99
10740.8
5710.89
30863
6875.79
44853.2
54506.5
24959.5
62562.8
11637.4
2610.86
28564.6
7683.29
18946.3
47738
5717.15
9721.19
14818.5
23644.7
39021.1
55377.7
11268.7
4891.15
11411.8
12934.2
10324.2
8849.63
20412.7
10372.5
13098.7
24234.1
10674.8
18037.8
13462.6
22301.8
15529.4
33754.8
14284.6
55813.5
38330.6
65673.1
15573.7
1936.97
14136.7
46430.6
44027.5
11500.8
7299.51
17223.5
24984.9
17609.6
13508
29347.2
69178
19954.2
57507.3
27802.2
28569.4
37412
40130.2
21136.7
12090.5
14876.8
9920.42
38310.9
27018.4
11393.9
6539.39
3749.13
59169.6
14091.3
56400.6
4899.07
3670.15
29567.8
5484.04
21538.8
42573.9
10248.8
7069.28
7154.87
24485.8
59903.1
65858.2
32787.8
64519.5
4545.04
6414.04
19625.3
10015.9
11473.4
39343
9049.28
11396.2
51490.3
7367.54
13001.8
47920.5
7859.49
6873.74
56747.5
26705.7
17679
15386
23822.3
17740.9
6028.8
9853.64
34933.6
12777.7
13816.4
16809.8
24553.9
19623.1
22230.2
18185.4
8977.44
21927.1
22141.8
12621.3
26382.1
7750.04
2955.44
16589.9
33339
15191.8
22007.6
109478
35470.1
3641.73
5450.7
7775
24619.2
17209.8
14726.5
14436.6
3209.42
19613.1
25694.8
51496.7
19643.2
18483.2
16632.2
5471.8
11106.2
49507.4
24896.2
8843.38
35958.4
9480.76
64958
10320.6
8088.12
26127.5
14216.8
18878.2
7886.74
14193.9
54259.8
7596.86
33292.5
4084.66
25312.4
21677.3
4077.18
23864.7
20880.7
47522.9
11721.2
58390.2
22449.5
26615.2
2979.32
8357.99
16202.4
38117.1
12079.9
16861.6
3470.27
5571.36
20936.7
3741.12
8484.94
97450.1
10391.9
7534.11
34377.1
45493.1
8579.41
13175
5678.36
14840.6
9591.82
22845
8000.79
80486.9
9184.79
10770.2
16222.8
10699.5
62929.8
26765.9
17412.3
13876.1
28489.9
17076
16653.3
8815.41
22632.8
45893.5
25414.2
6334.98
11452.8
19346.1
3704.79
8787.07
27827.1
62326.2
5950.29
3839.46
22393.3
11513.8
52738.1
38238.5
23218.4
44053
10231.5
8730.85
38266.3
23458.6
10743.9
19128
22303.4
34994.5
19031.3
18624.9
15271.2
59586.2
9814.58
10395.4
29936.8
24489.5
10826.7
24252.4
24208.9
43525.5
20759.5
19951
5717.72
6508.8
40530.3
54521.8
29073.1
58987.7
25856.4
6936.33
14924
33183.7
46635.9
19588.4
86596.2
7282.71
6784.65
4515.4
69400.6
16559.9
16464.7
29865.5
59803
31778.5
25810.8
11548.1
11486.1
11395.9
16481.6
5058.83
14169.4
22705
61896.3
22653.9
10127.9
13683.9
30118.4
5584.94
67189.6
36199.8
8088.14
47439.8
4259.37
16745.2
14963.4
24722.5
27753.4
59511.6
82104.1
11824.8
13459.2
22293
15932.2
31138.7
6223.13
12496.4
6711.28
51956.4
10644.6
12676.9
23859.9
4499.86
24542.2
28783.2
16179.9
56554.2
57367
17730.6
9552.06
5075.85
25416.2
66230.6
10598.7
36687.7
49825.8
20439.7
6624
19367.7
20174.3
21005.2
30592.5
30510.6
40775.9
3087.56
35436.6
46829.1
5087.41
56819.3
19003.8
36044.7
20356.5
2859.85
21689.3
4417.49
9882.72
31583.6
10886.9
12155.8
28418
41075.3
8531.42
47115.1
7965.19
53820.5
55093.8
10226.3
53666.3
43807.6
6185.22
4797.1
17234.4
5412.05
27982.7
18775.3
38124.1
30880.5
36000.3
30467.4
6648.19
20644.6
31024.1
31308.8
50785.3
36473.9
15500.7
74903
12092.1
11251.4
9541.48
26657.8
12435.6
11754.6
13072.3
38005.3
23638.7
24858.7
24850.5
42630.2
21277.2
21920.7
54757.5
65138.2
15148.7
5137.42
34750.9
51636.7
35619.4
7747.17
16544.7
6381.31
14673.7
19532.3
5475.72
10846.2
66349.9
11156
44581.9
27297.8
14470.7
30024.6
36764.4
14732.6
64144.2
66798.3
70510.3
12327.7
6040.65
34509.6
15962.7
4287.82
17402
2248.09
17487.1
27844.4
34746
26251.6
13331.8
9154.92
6723.33
7664.01
11820.9
69667.7
44334.7
7136.28
15052
38713.8
15000.9
9367.15
7986.72
4469.72
63966.8
21100.8
7684.66
70407.2
5299.44
40274.6
17587
77059
9192.76
12783.1
19644.2
24307.3
9650.05
18139.5
10804
7717.02
33841.5
9971.17
23965.5
27089.3
41450.8
7924.77
19401.2
25716.6
11444.7
25339.2
8772.18
39440
40203.2
9196.36
27891
43340
5381.73
4869.06
31026.5
26790.6
30483.1
16555.6
12673.8
5677.17
12226.5
47692.8
23684.5
19557
5337.58
44320.7
4742.07
55431
12356.3
7819.92
9875.5
5402.39
19047.6
64221.3
13493.3
28827
6249.55
31939.1
48528.5
19267.6
19939.9
31894.8
26997.3
7374
38291.2
16822.7
17881.5
4674.5
20229
43489.6
85357.6
40755.8
3698.13
4235.88
5555.33
13537.6
31240.8
12597.8
2954.98
6960.58
20127.9
5358.44
4719.67
51737.5
21947.7
25251.1
7937.56
31110.8
82481.9
50242.3
19686.7
7673.32
30034.3
2341.5
34938.2
9168.27
42056.5
24154.3
38541.9
8620.27
35147.6
7291.15
16260.3
22842.8
31777.9
6067.62
46793.8
110303
18109.1
26015.8
24680.1
24739.7
58391.9
7930.03
118174
5311.83
56998.9
24004.1
27368.6
7511.89
37745.1
8035.87
18608
18068
93231.4
12153.3
8954.46
5336.32
10573.7
10377.7
12610.2
15776.2
20250.5
76493.9
18739.1
60425.8
6289.43
13983.1
56133.3
5211.75
45365.1
6231.61
56129.7
22555.3
43768.7
56427.4
10781.9
4765.49
35843.4
38985.6
34231
23821.1
11939.6
54385.3
39376.6
53966.8
8560.15
16766.6
14393.1
21216.2
19791.8
22426.7
25791.3
37624.7
9608.45
4952.12
38683.7
54252.7
36874.4
56291.1
14539
18030
4562.27
23446.6
27242.2
10214.8
7993.75
54346.2
19551.6
16793.1
9990.54
3420.36
34989.6
17335.1
12679
9520.73
21435.4
43741.2
7142.75
17985.9
7616.01
11999
6331.93
23460.3
53201.3
2564.27
12688.5
21856.2
13900.3
19338.2
8953.78
34661.3
4130.4
62671.2
16533.3
75472.1
58107.3
133992
30013.1
16762.9
12066.6
16751.9
33346.8
34045.6
30752.5
14027
12892.7
53573.6
28364.7
33355.7
53549.8
16097.1
51623.3
46437.2
16658.3
13149.2
6525.05
10966.6
10580.9
20003.7
12114.2
5843.79
4887.84
33870.8
21300.4
7281.5
5019.58
6047.08
104323
46007.2
30323.6
29360.1
6181.54
8275.1
45201.8
42587.5
7842.88
133159
12514.4
7406.98
120914
23533.8
32982.5
3030.93
66186.2
26687.5
20704.9
51640.1
22877.9
32229.8
9281.42
19290.9
36931.8
22376.5
22080.8
40280.3
19613.9
22410.1
28733.5
7213.78
33951.7
44768.7
21466.8
6301.29
10037.2
16389.3
30391.7
31113.7
13909.9
6873.47
8080.45
16658.1
60059.1
40734.3
32582
51283.7
18147.7
6113.6
6099.32
16876.1
51329.7
26912
2346.04
8779.54
4757.21
26316.9
7723.4
11807.5
9690.63
14631.4
15222
62568.5
18424.8
20563.6
36145.4
45057.6
23114.5
46460.9
42843.1
19833.1
14829.2
16458.5
5015.25
4882.55
13782
9466.44
28777.2
31727.7
4980.69
18036.8
43579.8
6312.91
56920.7
39741.6
30007.2
37651.2
14653.5
21013.2
62991
23134.2
72130.2
19517.7
17500.4
8008.98
8614.68
8255.8
109318
8723.16
10033.4
48719.1
34270.1
48507.8
34135.8
6556.09
26909
13727.4
28108.9
66613.9
5720.35
40066
11757.8
4777.65
19982.5
10632.5
11605.3
19299.9
34347.8
13741.3
12564.3
16758.4
39692.3
49121.4
20876.7
20960
8775.57
12476.6
9423.73
13570
5334.23
15011.1
7113.82
8266.79
21566.3
3304.35
24517
19034.5
14511.4
8909.61
17629.1
21571.3
14796.8
17956.8
12078.7
105979
11822.6
18906.7
21774.9
6802.72
66776.3
18300.6
14454.3
74655.8
46101.5
45557
11533
6708.35
113872
101862
24488.9
63552.4
18515
29155.5
30109.3
36741.4
32688.1
61124.2
29283
4979.36
6852.34
15138.4
14106.3
10022.4
49212.5
11367.3
20029.3
31100.3
7514.87
11551.4
7377.22
15243.2
37112.6
4904.59
10264.7
17538.9
27723.1
25074.3
18463
6884.22
40786.9
61597
18362
5807.72
23975.1
30795.8
65318.3
24597
24316.4
68357.5
40640.5
18820.4
30547.8
40759.1
97824.3
9825.87
52388.4
7236.41
29223.6
8410.31
79549.3
32512.1
4586.84
28235.6
13800.6
4477.8
11799.2
12320.7
4295.86
69864
19486.2
11049.3
42386.5
33313.8
1755.58
16289.7
33038.7
28394.1
22197.9
4774.11
10230.8
1592.3
4224.28
13088.9
9656.59
23687.6
22857.4
8239.05
36084.6
6109.59
21991.4
80940.1
41307.7
11166.9
44192.5
16939.3
27023.5
31529.7
25396.1
30285
64021.4
43912.8
7655.56
28166.7
6192.38
8837.44
45094.1
16523.1
10612.1
17357.1
28772.9
39502.6
21143.2
5284.04
9390.81
15450.8
4120.98
15048.7
3426.32
18472.2
16536.7
15003.7
21475.9
22669.8
27058.8
2386.58
7003.51
46879.6
42916.3
3903.72
2686.94
23469.2
52938.7
14548.8
27302.1
16660.1
31313.9
106308
2984.79
17953.9
34004.1
12096.4
16044.4
65713.3
17529
67958.1
33604.2
84867.2
60844.6
29963.7
26460.5
56488.3
3711.93
4784.95
8329.38
16090.6
23937.3
10382.7
58331.4
12314.3
8232.93
9679.92
31529.1
38320.3
80503
25650.3
57781.7
50383.4
16936.6
4970.52
27448.4
5874.16
4114.04
50369.3
32505.3
8643.87
10928.2
13745.1
28371.7
50237.3
15543.5
3913.38
8231.38
22757.4
47664.9
29527.3
11390
15586.6
11746.9
16678.2
18764.5
7552.37
7741.67
19330.5
4045.4
37456.9
14712.8
34573.3
73165
14141
42921.1
17416.8
4726.1
13940.6
7911.34
38042.4
17107.3
40103.8
3821.87
25659.7
7898.82
37205.4
19561
14640.5
12374
23005.2
15025.9
14365.8
24131.2
11444.2
13670.8
36665
16747.6
39324
5581.01
19685.3
38387.1
47064.7
33091.6
23086.1
7702.25
4128.3
109385
16753.1
27211.7
11072.1
11980.3
9001.87
30592.2
7514.03
47402.1
2500.5
33243.7
16491.4
13875.6
13323.2
11657.5
16154
5244.38
34342.8
15352.1
19973.3
35894.6
35589.5
96037.1
24619.8
35019.9
42371.9
12678
60088.8
74351.5
12665.3
8707.74
3487.61
8231.1
7900.5
24111.6
20466.7
2591.36
5003.08
32422.5
13185.8
10000.7
6349.88
30487.8
18766.7
53674.1
5425.08
8560.72
14338.3
15561.6
21399.8
16100.9
13108.2
6962.47
9109.45
69703.3
45802
3085.81
8864.05
18755
16474.4
41449.9
75277
7734.43
32191.2
30742.7
29904.7
12364
39184.8
7807.76
9212.72
9346.35
22847.3
10234.9
10672.6
9683.59
49372.5
24707
9600.8
20388.2
12475.1
35954
55412.5
37132
15290.6
20681.2
10556.3
16462.2
22660.9
5299.62
12015.5
37897.7
28130.4
4537.52
17494.4
10377.2
46057.1
17738.6
8890.43
64152.8
5171.3
22555.3
29624.1
7214.09
8387.52
29636.6
75994.9
67244.1
20779.2
8959.55
20423.1
14585.3
14714.6
4913.42
42849.8
29680.7
38492.5
50380.2
21617.9
14254.2
2667.82
13686.3
21045.7
35553.3
6424.61
5040.13
6824.01
12805.9
7731.42
19222.6
12197.9
15537.5
14966.8
43074.1
38710.9
9852.39
20312.9
62810.7
5730.57
26454.8
15737
6043.17
12545.5
9437.88
70672.6
18382.5
27716.1
6738.31
35712.1
5527.51
63258.7
4722.92
19016.2
18168.4
25035
20380.1
3783.35
32318.7
19151.3
30642.4
16381.5
23823.2
6840.01
35807.5
42103.1
23801.6
75561.8
87578.8
24878.8
22842.2
47098.3
3721.31
7869.25
44815.7
8128.78
10045.5
28676.2
3648.64
9111.54
5142.01
21002.5
70877.3
12131.1
52657.2
10940.2
16214.7
19860.8
23717
34319.6
7782.5
59587.4
12699.1
15233.9
45814.8
27892.6
23149.7
5742.96
21003.3
73784.8
10253.9
18206.4
9451.69
15990.1
16697.2
13934.1
10488.6
23086.6
26115.4
16414.4
21737.3
52035.7
21515.4
4752.11
17996.3
22522.1
6093.69
72381
23449.1
19098.1
8886.24
55792.7
5195.15
53524.8
5295.99
21132.3
17120.3
13166.7
18345.1
20092.6
10352.1
24516.6
58271.3
8746.07
23986.4
25170.9
4235.9
22655.2
69501.6
11073.2
15748.2
5296.61
27440.1
18068.9
23505.3
36871.1
35417.5
24851
25513.3
12636.8
26151.9
11348.2
84434.5
15620.7
27125.5
21624.9
5512.05
87617.8
31426.9
30847.5
16559
30728.9
10396.5
17205.2
36389.2
13318.1
31456.4
18273
45434
6147.91
8778.05
12423.8
24847.1
34749.8
15914.2
21566.1
10757.7
48701.5
21178.9
22875.5
3062.45
52026.6
4948.94
16743.5
15385.5
12459
23756.6
13499
13804.2
16933.3
19295
25493.5
19563.9
2491.37
27505.2
24166.7
30054.8
8569.35
12101.6
20543.2
18678.3
70040
15246.6
13087.6
17400.2
22474.3
11958
13350.8
44618.6
9798.15
7449.1
30999.4
6662.6
5616.69
4635.4
15208.9
33988.6
7624.55
2737.87
6938.77
18756.8
4688.67
4019.1
13468.4
15977
21749.3
8739.09
15457.3
11995.9
20490.7
47659
31810.6
74001.1
18038.6
9660.79
38115.9
49549.5
44649.7
31614.2
9933.36
15491.2
15231.6
19225.6
46158.7
8961.45
29416.9
28181.6
15886.5
11865.3
7118.8
102566
2885.78
10245.5
18851.7
10178.6
76546.4
10527.5
11707.3
17399.5
25207.8
12268.8
2428.37
26882.8
47411.1
29898.6
47059.9
70543.6
71024.9
36636.6
6040.78
9336.31
21065.1
40784.8
11171.8
13431.1
37765
29058.3
51856
39618.1
25571.5
32403.7
7213.12
4623.45
9293.47
14139.9
10662.7
11396
5798.89
33331.5
7657.91
31024.2
47294.6
21803.5
16904.1
3198.17
34121.5
40194.6
21045.9
16011.7
38284.8
30122.1
21605
31508.9
13152.7
12669.2
13095.9
30816.3
6419.71
2616.69
55473.5
5340.57
35060.2
39570.3
63178.5
12697.7
6488.14
20720.7
13984.1
18799.3
16159.5
20234.7
50015.6
7339.01
21474.2
59518.1
42086.4
22838.5
55621
6552.49
46930.3
47678.8
3441.71
15483
6578.06
29587.3
36862.4
16310.1
28027.2
3535.75
10651.6
18382.8
22590
52313.3
11744.4
11937.5
27509.8
11706
16376.4
17282.6
15116.2
39355
47623
21014.1
10045.4
32088.2
34178.6
35087.3
27794.3
28134.8
84552.5
18820.6
33627.4
27359.7
5058.72
52647.2
19693.7
3796.73
26535.8
26911.3
32086.1
4422.26
22165
5588.94
43888
27439.4
4820.32
40775.6
38405.5
26136.2
12870.6
24760.1
56889.7
14227.9
6723.09
15513.5
36929.3
27028.2
23871.5
11031.4
10963.4
46419.9
99729.4
8616.45
7336.62
24002.9
12620.3
11441.6
30744.5
27201.2
19040.7
23414.4
13591.7
40431.6
56322.8
6630.6
8726.2
7171.77
39206.3
17700.8
8299.88
25191.3
32447.1
34370.9
20716.4
16615.6
24687.3
9171.96
6414.61
18794.2
19580.9
14311.8
7081.25
18234.9
65254.4
44782.8
11611.4
11726.4
8281.07
16744.1
10867.5
67775.3
21963.2
67437.7
57359.8
16119.8
9697.74
38809.7
20459.7
47186.2
3892.74
51880.4
5924.05
11511.9
3091.37
27833.4
36589
28061.9
5571.74
9575.25
22418.2
49406.1
20364.7
15820.1
61895.1
23219.9
34812.7
41831.8
5359.6
40229.4
14218.9
24739.2
17483.8
46104.9
24536.7
34187.7
6462.57
6195.36
3740.57
13905
20615
45816.1
35774.2
12336.3
40298.9
27156.6
8444.55
12560.3
8346.39
29852.6
14546.9
20781.5
20179.7
13121.4
33576.7
14147
5879.52
22032.3
14967.1
43405.5
23255.4
22249.9
60999.8
21171.8
36071.8
58800.1
38186.4
10300.2
11655.8
44002.1
7980.67
28960.7
32148.1
59622.3
11390.9
10180.9
19983.8
34313.8
2340.82
30520.1
33127.1
5167.29
8670.75
16509.1
36429.5
25933.1
110334
23156.6
23747.5
18923.5
93496.2
21973.6
29864.8
11879.4
8463.02
8573.87
21891.3
7748.56
59133.6
15375.1
24967.3
8508.78
97351.8
47778.3
6771.11
12645.3
10407
36990.5
26080
16323
15015
2819.89
17105.3
5174.3
15250.5
218733
7522.2
31887.2
24461.8
29692.8
18191
22879.3
6262.18
26206.2
18897.6
7052.54
13745.9
30137.6
14830.2
28623.7
11794.8
62600.3
9504.75
25547.2
6878.55
22459.1
8596.84
16004.1
64794.6
6822.55
16165
27644.2
8732.6
116687
9124.11
15102.7
54799
8037.18
43421.2
22307.5
17112.5
17420.8
11513.2
43334.9
42737
3311.62
14194.9
12476.7
8793.53
47257
48525
11433.2
7155.49
35493.8
38326.9
48866.5
52631.4
14339.7
22180.9
6737.56
12074.6
12829.8
8228.12
10032.7
4169.03
43644.1
32677.6
59822.9
20080.6
10739
13741.3
14767.7
42363.3
17632.9
25481.6
9865.62
38917.3
7821.3
33109.5
7389.54
52716.3
20827.6
26781.6
26775.5
9763.2
21134.4
30993.2
41985.5
22678.2
22770.5
52066.2
12427.8
7444.56
16021.7
6327.45
19682.3
18244.4
32050.8
60834.1
36547.9
15496.8
16371.4
18806.4
8703.95
6766.54
24620.6
52726.6
9335.25
42505.1
10215.4
31537.2
25008.7
35915.9
20361.4
43894.6
15325
15934.4
12083
6844.4
3116.31
37117
9261.47
10430.7
34645.2
18485.7
29351.1
7746.95
19916.3
52042.4
82798.5
24376.8
3396.19
7003.67
21202.7
5200.03
15322.6
83354.8
54964
15448
5627.13
27464.9
11209.9
18851.4
9637.34
70250.5
7918.56
61924.6
39534.5
15175.2
71795.8
54906.5
7904.48
9660.64
5012.55
40038.7
24644.5
19712.3
47349.8
12519
18332.8
10803.7
19002.6
22523.6
36781.4
23440.4
9731.78
32017
8860.13
15977.7
7103.81
17575.5
37215.4
11936.7
36662.4
19806
9560.13
20077.2
14209.8
11304.8
20940.5
16405.5
11158.5
61322.5
26210.7
24587.4
17564.1
29805.9
40695.6
97691.2
9684.98
89299
4907.06
26823
9940.43
10067.7
40152.5
2093.29
5429.42
39347.5
17395.8
17248.5
15515.2
36258.1
14378.9
82782
6741.53
14653.4
10645.7
16995.6
4923.95
32560.5
6342.77
9470.52
18420.7
10456.6
18940
8695.82
33586.7
22997.9
8883.14
15006.1
14132.1
11239.9
17092.1
41168.8
6497.57
12891
8311.28
54771.9
10393.1
7342.68
32981.3
16686.5
10596
133708
6918.89
33406.3
26518.2
64211.2
11680.6
56285.2
20199.6
22326.5
35409.7
5115.73
18852.5
29648.5
5780.22
12418
11972.6
9922.46
10053.8
9851.73
35840.7
67942.4
37799.4
44676.7
7942.09
24639.6
48155.4
9870.26
19998.9
19930
27119.7
19608.9
9058.12
6111.61
7512.6
92801.6
31303.8
6816.34
46507.1
6368.37
11208.5
28183.8
10238.6
50999.1
7134.38
36134.6
21641.6
28276.5
52072
28559.2
28389.7
5474.09
35658.9
21654.3
44805.1
24944.8
20346.3
35497.7
16049.2
64702.8
5444.89
6363.13
28800.8
8186.42
37802.4
17514.8
56800.5
4607.04
15994.8
39299.9
28350.3
44313.3
13517.7
22471
55112
54223.4
25606.3
5804.09
45718.8
55615.8
9132.37
3697.24
46215.8
38233.9
50032.1
69654.1
7257.55
12767.5
8630.72
34402.4
36535
23330.9
8945.56
34485.1
22815.3
5934.74
12327.7
11785.1
17442.5
11507.1
10403.7
34638.7
11785.7
5345.86
33193
33652.2
14053
29895.4
12252.7
10915.4
36627.4
19474
34976
16587.9
8913.41
44620.7
4196.98
14082
60045.3
9653.04
9545.77
3461.83
5516.66
11781.4
35932.2
22146.6
13011.9
8716.95
7031.74
18266.4
9381.3
17373.8
10245.6
3354.89
73090.1
35208.5
9434.01
33203.7
12182.5
12501.2
7986.86
8722.87
37878.3
16098.2
24022.8
3699.78
10342.9
35522
16322.1
37694.1
22243.4
6972.47
39035.8
21498.5
18109.8
30640.1
5586.46
5949.44
18252.3
24439.2
95154.3
32561.7
28276
21903.1
8500.84
17665
6984.89
10439.3
14469
7951.81
8528.88
42118
8867
9243.8
28955.5
22424.4
13046.2
9311.17
20847
14397.8
10594.2
10662
18054.4
7020
39832.5
15300.6
42662.7
4533.53
26950.3
40336.9
11018.1
50158.6
20619.8
9292.19
50843.4
24762.3
7003.58
29226.5
63824
6684.86
10071
14643.5
38357.3
31911.9
5549.78
6177.48
11745.5
28955
27441.5
19350
41989.2
21619.2
9120.05
9282.55
41949.6
18708.2
13121.6
8147.5
14437.6
17508.2
