16937.8
234.608
57988.3
22104.4
1120.29
5194.19
35334.3
1090.08
12945.1
5696.56
563.393
69866.3
2474.68
557.819
652.107
2908.6
339.901
2109.33
511.192
11707.8
35178
53424.5
19663.1
312.094
1206.6
1381.31
581.777
2036.91
1272.01
11014.5
11689
667.052
706.356
272.602
1313.51
1846.86
283.677
1114.65
483.4
8029.39
1206.95
5301.59
5604.47
5703.82
21793.1
16001.7
11630.5
2711.55
392.495
29401.1
2160.05
3586.82
880.916
3865.14
21071.5
25309
1768.25
8415.28
826.598
1915.71
2687.8
1413.63
26986
508.783
1399.91
1533.23
25259.6
31003.5
7629.33
1928.58
2181.81
1533.75
1216.91
327.987
369.858
20269.6
790.978
16544.2
618.475
2857.63
637.877
30245.6
289.276
581.311
19908.1
1159.04
41316.5
887.636
6397.83
8082.04
1537.74
1504.41
480.307
68911.4
35611.8
1060.75
2822.7
524.039
44888.8
21726.2
544.894
12717.5
23388.8
336.232
611.625
22835.5
638.586
7857.35
2805.13
5297.68
21729.6
1754.68
17691.6
3712.64
18932.1
836.275
54163.8
10626
3327.5
16390.3
1660.68
1760.62
392.617
844.074
923.717
2603.73
1095.03
686.296
2077.44
448.881
1626.1
887.475
14861.9
174.933
953.873
24153.7
401.459
417.945
3567.13
1384.92
651.923
2026.92
570.693
7041.92
4522.34
201.829
14063.8
3043.24
975.527
14534.5
5906.46
23112.1
8753.3
759.126
615.054
1176.7
2027.44
4931.22
911.527
9998.23
1809.76
53856.6
14509.4
137.348
826.226
626.293
5405.78
9076.3
227.526
27039.7
1116.63
332.244
1496.24
5659.63
26568.1
13133.4
57577.1
858.75
2054.31
6959.41
1590.28
7420.68
10620.5
10263.2
773.422
2918.05
2028.73
427.064
1998.69
426.563
3067.56
31600.5
614.254
202.27
67052
18816.1
943.643
604.903
530.905
10073.6
3734.86
1838.06
895.841
1763.33
5249.76
8921.88
702.013
261.587
234.861
1005.92
1435.09
6317.24
2330.39
2429.82
442.424
67954.6
1716.32
570.833
434.228
32735
1727.23
271.432
617.223
27750.1
55350.2
3581.78
11706.4
1130.84
4715.02
1310.45
507.576
4102.75
719.014
558.221
8328.19
766.35
114.233
11901.5
25500.4
83958.8
21133.8
1065.8
24133.5
5310.03
5074.15
608.334
1063.75
641.829
1805.45
383.738
589.693
1801
925.462
7258.74
2307.48
754.766
1726.46
22945.4
1336.4
121.796
18796
487.881
2601.24
1549.45
1872.65
2139.63
3543.85
1835.19
706.367
5988.09
1987.64
4385.4
1212.04
1071.51
797.437
412.906
7005.32
322.53
8344.49
374.691
2918
471.099
48594.6
597.463
3021.68
2537.07
2022.94
3173.87
1438.58
403.767
27693.8
2862.84
1775.88
2479.6
21725.8
1920.71
2188.95
7788.16
255.002
1148.55
549.733
6288.86
3286.42
256.601
34567.9
18373
7343.52
768.269
633.67
1186.48
42682.3
29969.7
1433.03
3194.48
28578.7
78886.1
4196.14
28053.9
464.096
601.693
704.122
16325.6
1991.27
8602.5
664.879
708.006
14156.8
11354.4
5339.81
300.282
846.202
394.864
790.342
618.509
638.167
3601.69
5984.22
10920
524.363
2491.91
1200.58
17804.2
387.27
36646.5
251.625
351.772
2158.09
4288.42
1462.87
2531.86
1751.19
5616.55
386.784
2106.83
820.027
828.92
507.542
8721.75
1074.27
1493.64
5765.17
1143.83
7302.38
206.626
50988.8
1613.22
665.516
2178.79
11879.1
291.412
386.52
307.509
802.235
612.227
26964.8
9301.24
405.114
705.786
34620.2
1043.44
296.774
226.257
2276.79
3282.85
3422.61
2708.12
1836.89
1282.26
4695.3
6037.11
129.124
427.541
853.706
346.098
26558.3
235.938
768.746
316.492
16504.9
198.263
5351.39
8577.38
11137.8
2060.65
3561.18
431.934
1384.8
5456.26
4862.34
21486.6
11662.1
26664.9
55068.3
329.763
2969.97
243.348
823.138
236.853
23088.7
28579.3
3635.65
240.757
45030.9
6141.37
8425.75
7967.31
1009.93
2978.36
783.43
15179.1
4875.43
447.573
206.877
522.099
226.218
27457.8
62206.5
1141.62
1159.46
10689.5
483.315
9656.27
6621.44
668.703
1097.25
3020.94
1393.65
35813.7
1470.98
2888.28
395.173
28975.6
3838.72
3861.66
459.982
22319
6198.5
624.047
2876.38
1025.5
16312.5
4803.42
60657.6
780.855
44112.2
685.866
4622.57
1272.89
2367.8
629.787
4254.42
1842.8
9701.8
594.742
7257.77
12154.8
384.583
7389.5
62859
45720
4290.49
41585.9
477.036
28114.7
347.213
1548.55
16377.2
10314
24006.7
41517.6
1411.79
21772.3
15500.4
143.388
13026.6
28993.5
734.53
748.059
1033.09
557.748
2164.02
5177.14
870.453
801.937
10195.7
219.051
54327.7
257.353
35982.2
1407.59
200.653
301.723
746.33
2552.36
251.231
529.191
4567.85
1035.7
619.703
13599.3
759.2
488.729
79217.8
14074.7
412.204
352.823
322.973
104262
3744.97
4717.09
2242.82
518.157
675.777
1744.44
3243.81
8425.6
253.526
659.871
237.204
9369.43
1203.37
682.393
4241.66
916.172
1045.2
6563.66
246.395
1714.93
157.332
30548.7
7440.47
4204.08
1188.45
1814.21
6899.01
27552.2
1501.95
1064.12
521.074
339.199
51132.6
192.489
577.191
30325.2
2188.65
7182.69
468.275
2659.21
977.395
26796.6
15444.4
536.613
35085.2
1785.42
1329.27
395.463
21640.2
3067.49
4145.89
40326.1
1073.19
33492.9
7191.9
545.877
5717.87
26785.9
168.768
7282.49
605.692
1766.42
820.995
5893.7
34629.5
2377.9
1678.6
29162.2
727.996
4027.65
15458.3
65324.2
716.121
46448.1
688.621
1775.35
16287.1
4305.74
26210.4
1189.1
7595.88
3469.29
4056.15
7944.73
13911.3
2842.15
488.679
421.897
1742.25
18916.3
37252.5
2510.87
39940.4
1140.51
17058.2
22643.3
34274.6
249.651
1322.66
333.98
8243.97
2025.4
474.483
1129.65
829.469
1726.53
94639.1
1708.06
7328.87
3622.92
2769.18
7746.87
24904.9
4047.66
3314.3
7990.82
55584.4
444.145
1349.18
1229.32
2559.96
17870.6
617.145
352.641
49224.4
342.952
6722.27
1856.12
1116.88
26128.3
510.727
3471.85
351.773
11373.2
33710.4
6572.97
339.286
197.398
5117.87
788.302
1771.68
702.728
2401.58
3720.21
238.761
5141.71
9779.7
5301.18
14365
1877.18
769.051
6392.03
331.575
11519.1
129.206
1222.25
2164.55
44921.7
3681.35
18095.5
1222.61
330.341
854.463
4362.22
63459.1
116.661
3208.22
1100.78
1062.75
8511.57
1250.07
4796.16
891.912
244.547
670.78
384.433
23798.7
467.303
169.974
18217.3
11386.2
381.638
40047
1767.3
5923.81
1407.39
6347.51
354.534
9837.47
3092.7
11287.5
378.611
11344.3
26059.1
19801.2
27427.4
690.434
708.497
2683.76
2106.61
99.668
509.646
344.928
9951.67
5856.37
539.843
21180.8
15913
17972.9
2637.43
4001.04
33706.1
599.478
7088.44
1630.68
440.451
3969.13
271.235
1203.99
771.664
476.832
578.111
263.295
5764.63
3115.8
2232.92
8682.76
9056.76
4800.84
4527.55
520.955
160.933
1511.74
311.511
4452.01
1530.74
1775.52
498.055
9315.2
808.606
109.415
78163
10843.1
573.389
1086.5
667.81
23410.7
34058.2
1763.28
24424.9
37104
884.907
271.365
1126.14
1729.65
4206.48
42248.3
791.214
1134.6
2175
472.4
372.836
20050.5
458.041
2020.51
336.12
5524.16
1363.4
12458.4
1096.04
731.274
13574
3267.92
974.422
3783.91
474.846
4066.8
32824.7
12880.9
2942.87
1414.6
31724
1359.41
845.988
1638.89
33290.7
19615.8
16333.6
251.832
5496.09
15521.6
1368.94
113002
1709.19
2371.5
7804.95
919.826
1042.62
713.89
1966.65
1385.39
59942.3
43654.7
7347.36
2467.76
429.377
1159.99
29130.1
260.639
7777.55
38057.3
290.016
285.022
561.006
78624.7
32736
3915.3
21485.4
2210.87
3529.63
33497.8
27004.3
1997.85
1974.53
13545.8
627.84
3225.27
3669.41
6350.21
7508.5
3542.36
2164.29
1264.08
773.18
2192.62
33803.7
12322.1
1695.34
6575.9
14975.7
2318.91
376.315
12495.5
4507.26
1112.86
14342.4
26878.1
391.277
2363.07
82935.5
13023.8
3693.02
6545.76
8521.2
31018.7
42374.4
3538.7
706.223
2769.85
1295.23
285.464
446.094
3886.31
4574.18
6419.49
1233.21
491.089
583.524
152.837
1686.66
967.224
15965.9
490.263
637.594
8362.61
2456.7
1021.44
9773.7
905.485
940.414
2162.78
137.984
25300.6
3774.38
7405.35
2322.59
426.072
4650.57
4007.67
3409.86
892.882
492.437
2041.66
2936.73
492.294
10716.5
20993.6
1886.86
19651.3
2248.13
4643.74
157.14
4021.26
1869.84
855.632
514.269
5825.44
186.406
2542.62
17656.3
2951.85
664.289
1207.9
1751.77
22923.8
15072.6
1672.66
705.193
5481.47
15417.5
2079.86
1156.32
321.744
10089.3
777.355
679.366
3675.39
21440
1184.03
8650.3
20901.1
2080.68
253.512
1282.92
15819.8
430.594
1509.12
203.786
5984.92
1394.66
1102.28
10861.1
982.162
586.393
3359.48
64533.8
206.622
2632.39
1781.78
222.221
1860.97
600.311
4450.59
6465.53
21158.7
9498.02
936.147
1016.52
5259.41
3710.14
2919.63
4060.87
1594.63
946.549
2640.58
1630.55
1636.52
18396.6
213.496
8838.05
7221.84
3906.51
1840.31
27554.3
2315.91
363.161
587.294
27170.4
1013.73
474.144
9116.6
38549.4
2750.35
1343
3686.94
2898.23
16490.2
1816.6
4060.87
9234.82
1035.46
715.38
305.926
3352.64
653.68
12284.1
540.852
2984.07
16891.2
3464.45
371.733
2198.37
355.899
31891.3
1111.8
374.651
114.291
24892.9
20429.9
11294.2
27475.8
27280.6
320.333
18584.2
1598.99
293.024
63622.6
1168.08
10591.1
2573.73
1959.2
1210.82
305.284
470.59
4925
32407.2
311.41
1258.98
793.72
9484.63
2784.91
34675.3
7431.16
2592.02
2563.34
10301.9
39165
875.57
1057.82
289.276
63438.6
57385.9
112526
218.03
522.298
289.092
1164.13
1314.49
2301.91
1114.2
24466.3
509.524
1797.12
1528.52
1707.89
3164.24
1429.23
661.42
942.332
22708.2
38169.6
326.976
421.726
21412.8
1333.26
8289.31
699.519
398.687
512.139
3840.56
7294.19
632.674
2911.44
786.112
4320.84
114781
285.085
4401.79
380.145
608.791
1351.13
156.005
3839.47
175.937
37091.6
6219.96
7535.79
2895.33
371.772
75463.8
470.14
13136.3
28121.1
1430.31
371.129
401.361
30298
784.015
62819.4
2547.78
1470.36
12000.3
1130.63
1124.43
1487.18
1254.66
45398.9
303.995
357.458
386.17
47139.3
1325.39
764.907
1230.95
27995.2
16438
7213.16
30629.3
409.99
1032.4
1272.31
2017.5
29628.1
1370.52
1571.97
7386.71
4073.3
22093.1
212.136
1285.93
383.9
3247.23
683.54
460.118
7370.51
971.045
346.896
1166.8
1833.83
680.455
962.295
3709.23
45950.3
19318.7
1743.56
1899.13
2074.87
1828.33
28704.3
927.812
124758
1857.65
18312.3
1480.81
835.8
13063.3
265.746
1806.56
2709.03
1308.19
1922.53
7192.26
6697.72
427.045
9193.84
32597.9
512.412
392.127
261.365
1279.47
180.27
359.601
4602.34
38893.7
1089.91
2838.65
2287.19
1658.58
791.881
26550.8
652.12
635.891
5294.39
17274.4
47226.5
9059.71
421.266
37393.2
401.962
2235.21
39516.3
465.399
2375.36
1075.72
97674
289.522
7984.03
587.262
2804.7
14431.8
332.674
2083.02
1085.23
13636.9
366.06
63.8705
3384.94
1725.45
664.655
2396.52
241.093
985.842
5277.82
1495.43
4060.15
4317.4
1432.25
9928.13
200.026
2566.4
1552.26
1224.2
9562.45
460.511
715.919
198.36
338.856
10058.2
4087.56
3093.53
11879
618.391
530.77
3865.91
31450.3
1912.71
4537.64
1303.94
1709.64
3630.01
1469.58
6342.41
322.867
10444.8
9540.17
3032.85
2289.79
6387.37
121.516
2100.66
1964.44
3317.32
234.322
12750.2
29231.6
105.62
5673
1003.6
928.125
1330.74
1177.72
2149.61
4285.56
686.769
36195.8
734.311
426.799
2513.15
3179.81
3778.39
506.679
53150.8
3344.52
7319.1
578.669
476.539
696.66
1681.14
3052.41
2713.84
11115.9
1714.23
670.743
4575.46
580.345
909.439
429.924
1507.46
568.438
1717.43
273.254
785.887
5173.61
1221.17
18514.5
9566.53
240.561
1960.05
2333.71
785.07
290.449
277.232
3367.57
190.042
706.885
1288.61
3710.71
82754.9
439.136
610.339
499.725
2260.64
2934.96
5524.66
2695.63
1128.68
67963.9
359.176
32129.4
1840.92
494.214
1462.78
6581.01
1066.4
2383.32
130.894
1043.91
760.955
3599.6
1376.94
47498
1087.07
7102.28
14147
10014.1
2416.12
38703.3
6997.38
152.783
478.673
1962.83
9427.4
2556.41
296.464
440.168
1761.69
1826.79
608.979
9595.02
488.152
1473.32
311.633
575.764
10776.4
45508.4
3934.57
479.531
1122.6
1070.36
27962.7
401.201
229.127
967.094
201.893
2744.03
3764.89
3032.9
416.658
389.974
53029.7
6434.59
4660.87
252.372
33810
19922.4
640.522
2413.93
2118.57
16240.4
2348.34
1680.61
58041.4
3196.45
24228.1
1071.02
8363.33
15888.3
831.988
36158
4082.52
1876.29
385.083
16615.8
1253.41
49960.6
875.238
771.766
387.15
1327.05
15812.3
47473.1
666.675
16898.4
4062.65
1129.9
3347.42
489.47
4009.71
785.338
39483.8
5192.14
290.244
316.039
1349.95
3260.34
604.283
382.29
10721.4
1141.07
56531.6
3413.99
370.117
1303.3
1297.94
808.269
2548.64
235.657
1090.28
2133.45
14978.3
3245.19
15182.3
1486.77
1392.54
308.904
40899
352.411
159.371
185.405
864.699
796.119
12103.8
12835.6
2128.38
540.939
1097
2307.14
36817.7
518.103
4599.2
539.897
68525.3
876.493
7882.13
26077.9
6529.18
23758.9
26131.7
578.43
1135.55
15997.7
21035.4
6280.99
4765.54
3349.29
3687.67
2012.47
2268.95
14181.2
3654.87
1138.84
345.879
11556.4
4401.08
1178.08
2150.4
7034.91
686.933
742.467
291.762
1653.72
3795.67
2115.29
478.469
4238.92
24867.6
1377.31
3704.71
11040.9
5578.21
28050.1
138.288
51448.2
1080.28
1366.38
531.077
8882.49
314.657
8682.47
431.943
16331.8
441.997
1476.34
36826.2
24002.3
69099.7
4926.31
1208.11
499.7
1062.76
72046.8
1608.24
1409.51
52952.8
14365.3
1755.64
8926.13
698.155
914.216
14942.7
2488.43
544.26
543.163
707.726
5879.14
4160.06
6401.97
607.999
36018.4
1604.2
25785.2
1796.98
5195.77
12681.3
609.61
2575.95
6757.29
3549.59
2379.78
1012.44
1524.42
379.955
20153.9
628.474
3154.38
6130.36
3415.1
42343.9
7099.81
1063.32
5388.47
30976.3
12392.1
10724.9
43766.3
56.4963
1012.84
20042.7
862.355
2511.61
1518.74
17566.6
1925.04
991.88
3936.68
6898.62
630.521
67905.6
3148.11
6366.24
16789.2
2866.21
1635.7
1291.39
13576.4
293.646
18601.4
1092.9
1455.49
6238.12
3476.43
1706.66
3252.06
2729.71
1136.77
782.524
22492.6
236.786
1990.48
824.943
109.57
7405.78
1204.63
47136.8
15761
1930.11
9369.48
610.647
4131.06
11985.3
203.551
4682.12
27623.1
892.087
539.315
30202.3
593.707
49088.7
743.98
1615.89
1074.12
319.269
414.368
20569.4
30907.4
4056.54
2520.19
16467.7
7642.6
569.911
1241.5
2005.69
680.395
808.973
2702.27
1879.64
5253.51
21709.5
2399.63
9060.77
3178.14
3550.39
76003.6
446.364
12010.7
26194.7
9224.45
274.985
6386.66
6346.45
2369.19
232.955
4686.18
677.843
5400.03
6531.78
2886.38
360.82
4214.36
1157.36
11737.6
1595.92
50662.6
332.946
45402.8
1448.46
665.631
1127.46
1965.26
207.345
3428.34
2136.7
121.473
1970.32
979.799
53546.2
279.891
803.518
1403.87
11835.5
11028.9
5408.19
5692.88
16422.1
6323.2
5865.64
1646.15
1982.48
867.021
12751.1
4858.54
472.518
2904.69
15947.9
974.407
12084.6
1076.34
622.675
426.729
950.302
50698.6
992.362
35007.7
4604.09
3587.25
762.624
28303.2
5858.39
1897.58
1584.05
4836.47
2238.48
77972.1
357.733
790.442
5991.24
2481.25
4357.34
2108.11
68687
49924.9
7384.16
4123.51
326.111
8985.51
13485
3344.56
247.885
34730.1
8518.4
1914.18
3085.58
3375.79
19168.6
811.294
16677.4
2337.29
317.016
7531.99
27497.1
618.568
2115.82
5793.78
871.763
597.372
726.458
334.646
26578.4
44161.8
1785.79
5830.09
27434.5
473.877
676.244
36650.3
3604.91
20400.6
1087.15
21548.5
20984.9
164.042
14457.8
5251.84
56409.5
2809.42
3246.82
811.361
80671.7
33731.8
745.447
3232.24
1518.02
4954.23
40630
11436.2
435.929
2347.09
251.541
18609.4
355.877
2647.65
1170.28
2864.22
1121.78
10207.1
15377.9
11532.9
1253.72
2246.19
185.487
785.963
20499
366.54
24580.4
70212.9
479.734
285.387
3880.95
354.798
4900.05
39364.3
43279.9
632.068
3478.71
319.914
8891.47
464.061
463.691
947.882
464.804
26154.2
5468.49
3101.81
5300.33
3782.62
14071.2
299.361
681.508
2525.73
1954.26
657.332
274.37
6810.19
2984.36
509.111
2213.83
42757.8
7076.11
1754.59
196.518
2144.59
807.541
5355.56
360.694
27987.3
399.574
40131.6
1139.71
11415
2488.11
15272.9
34103
999.276
29427.2
1204.87
306.338
7649.72
418.709
808.444
4284.18
798.135
15092.2
3461.27
25625.9
13588.4
2715.19
367.142
841.099
20710.1
568.075
106.021
11232.9
437.394
15076.2
1360.76
4862.18
566.117
9316.87
648.32
7098.44
136.472
309.164
797.413
502.312
3454.59
18519.2
35738.4
3783
13904.1
1268.37
2321.26
40125.7
733.615
20083.5
515.472
4644.77
1056.46
63189.4
716.118
366.903
523.451
1419.63
850.456
2150.82
5481.12
10368.4
201.557
9036.11
11672.1
299.765
838.141
61689.4
427.245
3545.94
159.981
1035.55
19936.7
146.454
730.853
155.04
784.998
28173.9
732.802
290.567
2982.56
1507.59
2148.62
32896
19888.3
327.042
14061.4
13955
84.9175
14753.7
3432.72
644.321
2189.92
34194.2
1394.48
348.353
310.135
3817.27
247.355
527.93
19351.1
14278.7
1241.11
323.24
43031.8
26595.1
976.334
10380.5
7312.23
6112.17
10454.8
19639.9
1345.17
19020.3
424.248
1415.27
336.034
10733.6
622.351
3264.13
708.793
1629.08
286.997
16083.7
2615.14
7893.38
15841
168.525
5286.08
3867.85
2739.16
59845.6
309.075
6968.19
1498.03
50702
5990.99
10479.1
17257.2
2251.98
1815.31
1366.11
986.967
10772.5
8228.44
14101.1
4644.01
74624.4
5437.66
4414.89
38765.4
5443.91
12822.1
95.3694
2704.17
158.385
11893.8
452.334
1657.02
294.44
6558.21
1327.66
37405.2
7338.18
2849.63
2885.1
559.136
300.473
36148
338.239
437.075
488.447
3581.88
1986.48
720.404
575.889
10352.2
12487.1
1445.12
286.778
1449.19
571.881
2428.7
13070.5
1156.83
4757.4
52579.1
864.214
3024.43
10769.5
1122.44
10573.5
211.049
19165.4
26211.6
58060.6
33988.7
887.89
34741.5
5878.97
822.021
2161.72
710.397
179.218
1109.18
708.683
920.661
35353.7
387.421
914.878
6951.17
900.059
947.963
18600
83862.9
127.585
11217.8
8100.82
2217.67
207.46
840.662
1391.24
1487.47
8139.73
332.372
6097.32
7857.11
84203
2164.12
8342.87
1187.12
21739.1
9590.52
1939.97
703.934
984.479
19526
263.183
639.988
1892.9
17580.5
848.777
9280.08
1733.67
2238.14
308.351
7873.68
900.452
3372.35
3053.1
1368.32
24258.8
30690
3106.6
5254.82
1757.64
4289.07
609.041
11093.5
66340.7
37872.3
533.133
580.476
2000.84
644.656
1021.35
413.065
647.841
34464.3
5991.18
1951.13
8386.01
430.024
1316.47
5342.52
468.663
886.434
4059.14
11766.2
22096.5
1399.54
69853.4
5281.73
47543.5
3214.08
8645.59
3261.56
653.106
965.817
2486.67
25795.1
17992.8
4655.02
1360.66
24145
226.206
729.3
230.173
909.934
54716.9
8578.07
698.987
36805.9
41085
890.679
20796
1018.55
1447.55
25681.3
10445.6
1223.29
1063.14
332.357
325.683
20352
2928.01
2435.25
653.114
338.192
1250.07
5043.38
1534.04
2941.72
2481.68
1146.69
823.244
24975
42562.3
16705.8
865.131
268.921
10083
5581.89
8335.5
291.261
1987.15
2835.8
1875.51
79868.5
33580.3
23975.6
773.083
217.865
651.146
13239.7
7969.74
40068.9
438.812
253.418
11905.5
1748.25
1097.8
415.915
353.676
93645.7
744.026
2039.37
10174.8
2333.28
2817.54
2649.21
2614.72
4191.7
1443.47
7852.6
2569.52
12087.2
4705.59
1097.05
625.783
807.776
577.495
2088.04
3843.49
569.831
14515.5
208.105
9331.65
78365.5
259.069
19191
4763.51
28944
2987.9
332.161
6201.21
6498.53
16113
343.557
287.829
3357.74
5419.29
1657.79
338.52
971.472
4847.44
383.952
24303.3
197.234
1366.04
3614.51
73050.6
6548.79
662.372
1912.42
612.811
31996.5
700.943
1347.55
4344.31
51083.4
971.193
11106.3
1019.39
2142.52
1684.29
20109.4
2766.5
5403.48
640.607
54093.6
11221.6
2425.33
590.389
33329.6
565.386
26386.7
1259.9
196.04
15207.9
7460.46
20359.9
310.984
821.154
10567
10738.4
16070.5
39920.9
2122.56
11520.5
2920.37
3748.76
450.39
49165.9
4583.98
2299.36
199.487
1082.71
19883.3
399.614
691.025
1748.59
63198.5
357.721
973.32
16280.3
700.224
10503.2
3799.48
7037.69
41924.3
2869.24
35169.8
380.817
9492.09
36423.7
518.142
5716.47
2065.97
374.97
4997.12
595.814
126.464
28651.1
1892.29
475.64
3334.34
2480.87
90.261
10002.6
10437.3
2555.24
1186.32
3467.61
3581.75
3048.51
5727.69
662.371
491.403
2921.62
26793.7
555.813
362.108
1732.01
990.015
51853.7
19196.7
661.45
1267.27
15490
25586.5
1188.49
4138.75
1087.51
338.144
11115.6
4288.8
3629.23
7785.95
8491.74
4902.74
927.728
4019.96
1327.32
1534.03
587.585
27174.5
1214.72
5315.83
91298.6
25787
425.812
2050.95
27630.5
6274.88
699.073
2544.04
1025.77
1657.74
629.054
3084.1
351.164
15545.5
436.682
24079.1
4828.9
1592.13
60684
2081.61
118640
1342.69
16880.3
7933.96
16403.7
7653.54
417.132
4576.52
1264.53
1418.11
1180.11
8613.57
9304.93
263.372
57393.3
955.246
193.587
754.6
385.226
10401
13885.7
21045.1
101.207
256.888
24639.2
462.837
2661.69
678.037
4163.84
71739.2
1856.94
1156.16
1283.06
765.861
2696.79
20955.4
1971.99
23342.4
203.168
1867.26
2415.31
558.22
1155.58
1656.01
634.781
3777.36
972.312
342.317
8292.63
40878.6
3865.5
827.824
1141.97
81878.1
419.732
430.012
11787.8
38885.5
1374.64
9667.71
40752.3
1350.58
1030.01
1853.16
2245.38
528.692
9991.69
673.324
362.847
623.944
1449.06
1695.99
29862.7
11125.8
1395.84
5336.51
10248.4
20133
674.548
2294.77
466.501
6319.05
5563.17
32577.7
966.826
3173.53
464.883
1720.88
338.227
3161.11
574.732
61777.9
249.797
4390.74
230.156
1340.39
578.207
648.938
22129.9
673.133
6232.15
654.253
3122.92
953.402
1316.3
3382.7
16105.9
658.776
6983.79
1008.4
1686.74
1482.73
11505.8
754.784
1940.95
3775.2
4334.53
6112.85
12034.3
43534
1878.3
2430.42
12614.8
573.97
1723.17
604.204
1465.01
1102.59
33467.6
3048.28
7390.07
440.992
2681.19
8907.61
324.456
13745.5
178.566
15345.8
52947.9
3410.95
36244.8
2706.88
4710.55
46912.6
6938.79
7451.01
13240.9
1252.94
894.044
545.994
4480.28
2664.55
363.148
51804.7
198.531
316.805
172.983
5446.75
15947.8
36857.7
12475.1
2059.98
2439.31
11796.8
54512.4
5244.26
859.974
2056.75
1286.83
1294.67
998.367
31839.7
1156.97
41410.3
6941.18
215.638
3146.49
3955.9
59628.2
88020.8
645.921
11466.5
317.095
208.612
378.953
687.192
555.839
702.444
958.623
26378.4
3788.35
294.679
26627.1
1352.35
25941
33426.7
3642.36
477.934
383.597
2318.38
825.757
3007.07
3385.93
1553.96
2236.37
928.275
555.41
46573.5
403.051
4277.12
60944.7
2273.42
4230.39
162.535
4322.15
1076.87
33071.9
33626
4096.95
8396.77
335.898
1405.42
299.913
2658.34
3003.73
20880.9
55223.8
779.457
1466.49
86.9618
4941.77
5292.66
545.597
18972
1764.64
229.746
1160.83
13316.7
4606.25
614.04
374.985
1683.82
3835.37
1193.12
5109.15
8019.84
6167.7
64473
31337.4
2046.61
1940.39
1065.3
457.677
378.412
3545.41
482.41
2473.49
335.679
20600.5
389.794
1712.27
2357.09
1015.86
198.675
745.055
2514.82
816.485
5669.73
701.132
2822.8
2392.75
1084.2
4052.46
24109.2
15694.5
3351.1
2937.57
95.1071
4561.93
3435.97
3011.74
6031.83
54132.4
4936.67
423.482
396.222
219.849
4476.23
2137.72
721.599
9408.95
6959.46
1887.01
10542.3
6147.53
6033.01
34917.6
3793.89
14943.2
12318.8
1595.5
4566.63
671.999
3903.22
2608.23
1114.71
15915.4
7982.04
15444.2
1270.35
1064.73
1464.25
207.127
520.713
11880.7
34733.6
8568.67
3607.71
32662.3
3236.45
5176.03
598.382
1197.02
650.475
601.825
929.367
221.272
1234.06
11717.6
3695.87
637.29
230.855
15870.9
2953.97
9021.54
3402.52
19921.2
2444.02
1427.01
19418.3
4007.08
5493.03
1283.76
1081.07
838.825
7594.75
24465.4
4891.13
13196.3
12692.4
2040.93
28127
6165.16
757.276
1289.87
4326.01
218.942
1672.77
321.544
50471.1
7643.39
569.474
2192.35
1843.18
16601.9
1651.94
5585.15
33651.7
37821.5
200.487
17520.9
599.061
3526.67
11148.4
955.132
221.344
903.069
1382.71
13027.1
14236.3
473.006
2168.59
22014
2646.83
23827
338.024
13055.6
4993.96
1217.95
228.727
9150.61
1591.48
241.965
751.711
1172.4
11281.9
1751.57
3463.53
542.31
7760.64
5270.7
5484.2
30951.4
247.209
37714.3
1878.2
772.516
88504.5
366.974
70664.5
1898.07
1559.83
3504.55
611.549
7705.39
326.364
460.879
4295.64
14014.3
1464.65
6730.9
6993.59
1124.98
1046.85
695.912
1910.41
525.61
10307.7
1259.14
492.414
42746.8
22415
872.99
982.354
1282.67
4512.56
2531.95
2506.62
6649.37
4100.98
759.122
10124.1
705.854
369.317
3093.22
5773.32
84.4471
726.783
327.594
171.154
238
201.056
1257.94
4204.78
8086.88
16027
456.848
595.775
1289.45
26943.8
15511.6
647.983
2492.42
1075.84
2713.57
1764.75
186.159
7018.84
4590.88
436.994
3122.93
2929.33
14304
19966.4
416.342
875.689
253.09
48066.8
1998.45
8003.41
537.592
293.98
5194.67
6402.56
1270.24
1049.02
868.39
23150.2
4787.74
1018.81
253.875
7971.71
613.574
635.299
3183.37
2468.4
12861.9
11766.2
2475.72
1223.12
28928
272.818
11624
2729.63
4786.95
5811.57
15203.6
4401.51
1785.85
11644.2
19768.1
23351.3
2589.77
553.172
3323.68
371.589
847.289
5805.56
1925.18
3762.45
1427.02
594.563
948.998
838.963
254.13
758.13
176.602
31314.6
37967.1
22710.3
243.594
219.935
644.059
5288.12
302.368
1585.64
5439.48
439.96
455.549
1118.29
1231.35
386.954
1344.8
1311.01
2660.21
506.304
8786.74
308.835
10765
10607.3
378.555
11603.7
782.581
49220.5
2125.36
1170.95
5362.18
853.744
63575.2
776.95
8368.26
276.036
2049.71
35892.2
2333.22
2899.57
419.412
169.915
34540.2
98982.8
1760.41
30203.2
6193.64
2081.83
627.702
21298.1
358.988
4311.57
820.404
414.487
38215.9
3437.73
1931.5
5683.79
5146.91
1752.86
353.069
4581.54
914.91
2757.91
1732.75
863.096
116.863
1878.45
621.997
782.927
1830.74
33230
2991.23
426.54
742.552
24793
8100.43
1350.82
272.523
192.428
695.998
1568.89
9576.72
1594.58
7978.97
9965.78
818.884
11041.1
206.484
5268.63
350.156
1266.46
692.342
969.901
5510.34
2713.08
917.064
65482.9
11168.7
253.477
5392.02
1571.43
1365.33
59552.8
822.117
1714.88
91425.9
2140.95
21372.9
5578.63
558.139
19504.5
2099.98
891.965
847.011
17463.3
336.213
1913.75
2849.09
316.462
1689.7
948.126
1791.43
2209.61
2040.32
20806.7
617.62
42514.1
22622.9
1088.25
3486.33
30861.3
2087.55
19015.4
314.271
41300.8
528.542
396.352
28004.1
908.759
910.602
21424.1
30018.5
15255.2
23381.6
3860.83
3042.16
1116.39
4911.73
1814.3
1920.82
33622.3
1709.57
28702.6
1775.3
549.667
391.037
551.008
429.662
138.718
260.414
260.702
364.264
5188.09
1383.11
738.798
1480.44
786.002
2528.79
22920.7
1741.73
509.488
753.414
42270.4
1279.41
1482.92
830.321
2009.94
49405.2
232.287
35160.4
463.357
14253.6
2231.06
2395.09
17635.4
3925.55
40563
1136.82
296.923
26251.2
1451.31
12019.5
18819.7
2510.25
1670.04
4526.99
717.246
29496.4
4816.84
2175.08
713.888
446.422
629.025
1174.73
3884.91
4171.06
22328
12344.4
391.522
1941.75
18604.7
233.117
1693.6
2675.64
1763.75
284.293
596.136
1576.49
17950.3
803.506
31180.2
570.88
1922.58
4225.71
530.284
824.367
5352.03
673.161
192.345
441.26
7996.05
627.53
13546.2
4775.59
101624
12071.4
841.296
10368.5
1812.53
2694.52
1412.8
35501.1
481.904
1375.69
57020.6
5049.64
650.645
2106.73
577.702
26601.8
5158.12
19198.6
1800.53
61830
10262
677.013
1139.27
871.758
4120.63
784.429
856.431
7016.04
13620.6
623.429
27777.1
13049.3
30422
1048.43
938.025
284.405
529.217
781.701
4347.98
2538.52
28565.8
129.765
1574.54
117.444
2099.11
497.662
235.83
6873.93
682.932
401.307
53113.9
17511.6
883.43
735.934
1045.25
1725.92
1894.71
1035.99
231.589
9866.33
3073.32
9938.58
909.166
6312.44
2372.99
61565.4
43445.6
18653.8
33808.2
20730.6
791.394
625.049
25397
9306.76
1202.92
47386.2
38261.1
1562.99
6329.07
1748.84
4066.61
5100.89
4919.05
1513.32
2341.7
36545.4
909.504
511.43
1180.5
676.695
6514.04
6476.75
457.725
6151.7
2918.27
746.672
11173.5
18745
1054.24
5698.33
17866.8
30402.1
3326.38
968.681
4317.79
3724.66
1018.33
1121.28
955.254
20378.7
868.194
5480.04
579.665
623.465
423.737
1497.57
17260.8
405.904
5506.01
449.364
23716.3
3262.11
2569.11
2164.13
7836.82
131.867
596.497
14961.8
307.375
26978.5
91080.8
2767.12
1718.34
13896.5
225.601
1018.73
202.743
886.526
305.686
536.901
1308.72
2192.76
102568
694.725
23358.5
5130.78
862.259
12010.2
1026.07
498.068
10378.8
25809.1
3093.77
19245.2
1476.46
577.697
2556.98
805.077
66661.5
31724.7
3673.37
685.471
1558.01
713.624
287.495
1314.17
2735.96
1037.87
60435.2
31011.9
547.715
1239.04
1804.45
21306.7
2056.1
796.346
13527.5
3002.83
1816.48
18388.7
39920.1
2025
18160.2
1096.08
1586.77
5110.21
18443.7
3084.23
976.272
22806.7
8988.47
362.49
4223.37
3049.1
1459.17
31554.8
435.314
1977.24
1803.28
653.831
1225.14
564.639
1405.23
13501.2
391.38
509.123
17504.6
31656
3294.03
5037.87
511.659
581.007
71714.9
451.166
5122.91
3834.28
5363.74
177.096
894.163
8178.89
701.87
4074.09
10323.4
4899.25
2076.19
380.122
948.189
24829.8
521.208
560.045
602.622
32265
14797.3
10856.1
22195.4
361.194
5109.33
4087.28
5217.27
266.069
2509.14
2349.32
993.688
357.277
3444.32
16998.1
32168.9
969.236
451.711
2042.35
35634.1
712.905
1017.82
7384.13
467
13668.2
850.051
2942.23
35688.9
2620.2
3615.16
3517.44
2921.11
337.797
1119.12
15532.8
5527.5
247.444
98767.2
17431.4
180.636
984.599
1847.68
108.515
1820.24
1086.45
230.648
55710.5
415.231
375.243
12521.5
944.85
1236.41
6647.94
478.376
8396.85
591.664
16060.7
2851
1125.17
329.443
46029.1
7897.91
89402.6
29794.3
1187.44
7444.46
661.52
1143.23
633.572
6144.12
11110.9
47934.8
4050.65
3540.38
36960
13746.3
458.574
2112.56
2002.05
1311.94
3488.71
4446.86
1037.46
553.652
2582.92
1902.27
1153.26
37963
792.554
729.173
2065.97
2006.24
293.807
3295.13
26327.9
626.62
6569.81
10652.1
1375.75
11154.8
417.608
55115.9
838.08
20077.5
25636
365.741
1382.78
1135.51
12068.5
1620.62
50736.7
16822.1
1382.64
352.534
3315.68
1904.55
20167.7
1897.28
31975.2
31794.7
640.65
3449.2
1822.55
99571.4
1354.9
41872
14084.2
708.872
29506.5
573.782
2208.22
1504.23
9806.61
1483.39
2565.08
361.508
9460.39
598.066
17554.6
12570.4
1219.39
1393.51
22155.5
1977.04
3587.63
1907.64
3821.72
490.1
2353.78
495.595
7358.95
38341.5
2662.42
55754.6
145.132
882.004
738.382
6179.21
1837.31
4221.56
16364.1
31518.8
285.768
8575.96
21494.8
44091.4
11468.4
851.499
411.615
823.907
2062.44
705.363
1238.38
582.062
1033.52
410.547
39015.3
392.754
13463.8
1980.19
6040.42
7303.53
696.239
3640.96
2094.6
45177.4
589.656
1306.56
6152.1
9375.23
1168.65
1195.59
1069.76
8959.74
870.252
272.081
3227.17
16248.1
33680.2
110.128
6139.9
7790.77
2682.11
1111.67
27131.7
82.1635
5779.32
735.197
496.568
40109.7
3181.49
1083.4
277.258
296.351
4958.08
30783.7
17167
642.677
6292.23
17020.3
3560.07
260.458
1763.56
46992.1
2071.38
5161.98
377.954
4629.26
454.102
8020.1
15749.4
57532
8326.82
49351.8
3061.01
33524.6
479.85
8762.17
297.138
55064.3
27141
310.909
53635.8
1532.16
4401.53
945.044
941.637
20426.6
1542.32
2563.18
86382.3
1837.17
57719.5
36131
1143.15
2045.61
27343.3
3136.73
758.912
1122.52
19596.2
10122.5
695.607
551.668
2274.61
1834.5
441.315
1613.98
145.33
17410.9
6026.81
727.206
658.714
1116.99
626.176
2735.75
7244.77
971.959
1851.55
1162.24
809.182
503.027
352.6
1484.26
252.105
36366.3
41018.8
3318.34
3626.81
312.242
198.215
1127.11
8370.5
39892.3
739.868
2197.22
4071.72
9140.3
645.336
478.725
1317.51
8157.38
553.671
1832.12
11475.9
838.412
434.716
2410.57
5190.17
9424.63
1361.02
1055.2
61220.5
2158.05
9247.01
2171.67
377.214
2809.47
510.456
15813.4
6576.67
199.915
510.212
294.953
28561.5
815.063
1720.31
9712.83
12675.9
2769.39
9963.7
36495.7
184.399
7938.8
331.354
1291.94
2999.58
1229.49
2975.3
865.047
16569.2
33479.6
306.426
2438.95
24624.1
30672.4
3367.56
771.736
725.625
4165.69
3620.47
4417.62
11116.2
46366.1
39005.7
21763.6
4223.58
54013.1
2947.47
393.76
30235.5
2573.91
266.541
414.49
777.199
883.967
387.115
340.54
4879.87
2881.91
5682.32
351.911
1162.03
795.237
275.136
6785.46
543.373
2756.36
2796.19
274.368
5673.62
96.9998
4270.16
17432.6
767.204
53277.6
2592.83
351.087
4299.79
20506.6
1239.28
3122.77
20478.9
7697.56
2144.84
16295.5
1549.29
1627.84
572.857
670.665
696.654
328.134
324.998
763.545
286.651
24711.8
23553.8
9839.47
1155.06
381.945
41491.5
194.409
4015.39
629.059
379.095
8218.21
937.151
15080.8
1287.31
66168.6
5490.08
11726.9
31829.7
25570.6
225.992
3391.31
192.333
42567.9
2385.14
398.944
1332.34
902.312
1008.78
6611.25
14567.8
1413.7
10145.3
7892.59
203.148
366.401
25200.3
253.344
1785.74
1392.35
1751.41
1380.99
476.398
71264.4
37849.4
3218.39
13847.7
1455.16
8441.34
1435.74
5752.45
827.018
2974.63
361.98
3375.84
135139
854.099
1064.23
706.854
13824.2
1208.12
4739.22
474.055
3033.28
736.983
1599.94
22938.1
3121.39
15978
27831
4472.23
70302.9
2077.3
35038.3
453.037
192.628
1034.35
10148.1
301.38
28005.2
9648.43
803.515
411.053
6510.2
4638.66
31437.2
10158.3
18593.3
3147.7
1226.89
1669.27
1867.96
14247.1
27081.4
543.277
151.865
16323.1
13065.2
517.564
424.998
430.02
384.667
1828.09
2172.18
7750.71
553.342
542.77
714.942
12794.3
2708.92
13188.8
1578.73
4301.31
570.493
4080.85
1010.13
728.253
13705.6
323.229
220.087
30252.4
48212.1
39751.4
1384.51
12628
682.076
446.592
11019.4
1765.63
26505.1
199.68
805.096
986.895
3268.51
17700.6
192.935
3775.56
2038.3
319.463
25889.7
1368.11
371.485
11429.4
2148.93
871.214
37918.1
2097.09
2658.22
17628.1
4594.83
1602.17
31879
515.559
268.193
23282.7
7017
914.236
1244.09
41380.3
787.864
7699.32
11882.7
4937.21
12000.6
1166.8
686.644
155.036
26471.9
6635.33
23399.7
208.472
826.167
8192.17
1070.39
5053.21
3750.12
2965.84
23728.6
2824.86
448.822
4865.15
17988.4
4529.79
246.599
50808.1
1679.78
29021.7
7954.85
29988.3
538.916
512.802
570.335
2699.01
1399.98
655.112
1561.69
156.928
30624.6
400.618
14334.6
28128.9
2466.67
505.815
423.795
4423.95
295.267
22793.9
21215.8
30888.4
1564
921.43
62107.1
5204.08
622.857
1268.61
2095.71
13847
16241.9
1190.12
477.799
577.914
22734.5
792.248
698.456
605.67
1679.08
6111.04
3104.81
3340.18
26675.9
20720.1
16085.9
48859.4
432.595
687.359
67094.1
679.948
176.484
191.546
3713.16
243.221
2856.02
4713.86
2648.5
1133.86
643.14
459.235
1659.8
533.086
1486.44
1897.94
72303.7
200.628
437.764
24683.1
4928.36
662.41
571.032
607.344
1435.03
27889
123.295
1554.52
20140.8
254.961
3998.99
1139.08
710.462
21391.1
3289.91
180.724
43355.1
274.043
30997.3
4452.06
633.41
38720.9
26619.9
1549.82
5493.27
28631.2
20780.5
1670.9
811.2
14262.4
1826.07
44947.1
203.458
4091.58
1600.89
975.304
1871.47
9147.88
1959.04
2052.43
14174.6
4007.83
2760.72
2400.63
5189.71
387.606
23685.7
7331.86
812.824
2011.37
135.716
3259.84
904.978
13905.9
49419.9
12052
1136.12
390.004
8499.58
1813.82
3188.33
200.975
12465.3
947.136
327.477
947.823
792.321
2440.71
1810.16
522.088
39651.5
1836.63
3160.27
468.366
31101.5
50760.4
59522.3
16996.3
11420.8
1697.81
454.098
13453.6
242.791
8140.68
4273.54
43111.7
801.074
932.251
4439.72
5432.97
3737.18
27832.3
3936.9
1943.38
9616.27
730.351
46506.6
8628.77
1556.43
1418.03
1962.25
6392.4
808.447
1974
351.808
1222.35
668.994
301.642
990.454
314.916
1854.62
659.256
34336.6
679.894
2668.66
7152.12
4764.92
50242.5
222.234
460.261
19811.3
31946.3
505.241
29051.5
663.645
2986.17
4279.77
345.937
946.129
7852.57
17582.6
54401.3
1910.12
1061.43
20298.4
42121.7
35927
627.133
8227.91
646.239
733.955
74266.4
988.284
1179.68
200.776
296.641
605.954
775.946
3584.51
219.4
204.197
3727.98
1991.25
2287.31
746.564
89.6435
20873.2
190.564
2652.09
6112.22
5898.67
29573
705.92
1376.46
616.913
43399.7
3534.21
1191.03
48179.8
1339.53
6305.15
3022.44
1778.98
22062.1
649.067
2041.24
837.933
65927.1
18606.8
1879.3
3180.87
781.899
390.319
361.156
828.261
692.03
1666.21
6139.08
864.631
37713
5431.44
8783.09
21807.4
913.169
5555.66
10555.9
1124.64
2272.23
2597.62
342.467
15815.4
117.516
340.534
9156.79
4627.09
303.057
261.294
2457.84
5453.03
2855.63
10122
536.288
48491.7
37971.8
40961.1
4128.42
154.672
1001.11
6120.41
31354.1
695.704
1218.12
2700.4
8736.9
2869.13
30389.4
836.195
286.542
393.776
1615.66
11615.9
4486.2
851.72
281.001
758.753
27209.9
1420.55
1157.65
636.232
954.964
574.544
6489.42
6930.47
1486.47
949.782
774.025
1358.87
7325.37
6056.72
3879.92
34904
759.054
63611.3
933.584
2575.33
1796.98
291.723
301.441
17374
128.387
275.536
714.416
1329.96
43699
4149.78
39835.2
21469.1
68905.1
549.738
601.595
2291.82
458.764
484.254
757.072
52717.3
449.42
55466.8
12379.5
14874.1
4895.23
151.004
4976.2
3978.44
1174.2
1743.23
4208.72
2941.03
347.224
9376.74
2204.25
8852.04
55834.7
244.189
479.039
991.355
1447.22
499.471
1779.4
2626.29
8752.44
6116.53
14339.9
680.833
119784
521.31
434.176
11671.4
5685.54
706.903
1306.62
743.572
1951.06
1186.65
3988.53
852.221
3674.91
2015
9802.16
426.479
20473.5
248.598
1090.56
29005.5
1977.86
1473.95
127.653
26444.9
366.208
7808.21
411.332
9336.69
1845.36
20644.1
46891.4
483.142
1416.39
473.95
3598.25
735.541
2259.89
4407.34
2659.35
1090.33
1250.91
501.491
945.467
17786.7
99469.9
604.466
858.781
1501.92
1502.97
1498.68
154.206
987.125
6395.96
2518.3
1538.47
2878.13
162.319
14714.2
2137.05
376.54
20716.8
5778.77
848.705
7502.94
9267.08
2553.49
255.989
2901.2
394.025
293.955
980.388
50215.1
2557.22
3531.27
11153.6
3021.76
1660.31
91683.1
3761.81
25616.7
59873
283.226
1774.49
2535.67
222.335
1309.69
1165.38
386.582
20074.6
4391.94
1282.27
66606.6
26728.5
1400.45
271.555
667.631
42918.3
23984.6
17525.4
6323.51
338.875
80066.4
41017.1
227.518
267.074
37606.8
952.448
885.4
8715.23
13542.2
1055.32
975.655
3600.11
846.693
1880.56
6125.59
397.936
393.604
6713.75
758.738
367.278
374.101
599.807
993.83
284.559
8795.48
30145
1910.39
768.385
40559.1
457.906
1551.44
3821.06
861.516
179.855
1035.71
350.267
9301.12
563.568
323.155
5315.4
2113.76
458.717
1565.85
549.994
106.14
2670.63
451.502
13582.9
354.049
108699
97385.2
6043.49
1264.9
114.316
36139.6
21902
610.718
271.262
11382.1
8884.22
1055.22
9761.03
1095
436.028
63546.5
1453.92
183.853
185.449
6152.13
356.512
39174.6
36797.4
24224
1622.47
28455.1
4046.06
11260.1
476.102
1959.23
23542.5
13138.3
28091.4
18649.2
1732.23
57958
368.445
8156.91
10140.8
318.109
1373.46
495.807
5975.9
43208.4
3887.86
27413.4
1890.09
7799.53
34896
915.447
1495.85
182.697
231.066
3574.93
2396.25
8033.9
2254.51
4466.89
330.939
1284.71
2834.32
11548.9
1251.07
576.75
27483.3
10920.9
2002.62
79636.3
2898.68
449.012
1219.58
498.929
12641.3
1239.5
24818.4
22582.9
9068
2039.09
8067.85
1765.05
1506.88
40153.2
8277.98
2778.44
225.503
18848.3
591.01
909.908
6203.4
98.1581
704.6
4116.52
282.94
20053.3
336.891
1866.34
5338.14
225.92
2103.31
4158.55
1566.94
9184.53
195.703
3540.1
9346.3
245.397
647.757
24655.6
3092.3
1058.4
583.2
16951.4
19772.5
74794.5
16403.5
14315.9
6989
1497.52
4242.46
3309.9
5735.88
7691.54
3414.27
35421.6
674.301
207.684
17639.7
542.89
81121.9
6007.9
45769.7
72.9865
12724.9
739.067
11571.4
2832.86
6060.4
2181.76
724.686
1500.13
1886.24
730.365
2589.43
832.483
4516.23
567.595
695.01
12597.9
193.507
222.33
3054.54
651.495
321.261
969.566
43580.8
1815.07
2191.9
749.288
688.439
8674.45
4609.18
1118.11
1911.92
825.615
231710
42697
595.769
698.236
1028.65
4388.94
201.399
9947.87
6019.09
29989.5
9456.8
5054.14
1189.01
67994.2
1350.03
3996.54
52897.7
20063.5
598.502
6230.23
7204.89
282.382
2492.93
976.475
8560.64
15325.1
191.629
15262.1
437.644
373.857
893.354
80992.4
574.94
44054.6
1620.09
10044.4
349.897
3397.99
1174.71
223.298
1090.35
84465.6
1642.92
12484.5
1195.29
212.022
3850.63
2034.41
1383.33
783.116
2012.87
661.92
24596.4
1602.99
5454.31
5314.94
5222.3
3518.47
3314.12
203.427
15976.9
51906.1
34711.1
659.226
841.447
6402.8
21755.3
16736.4
1547.32
272.667
389.544
723.004
6239.08
4137.72
2465.93
9289.38
37209.2
327.576
1733.16
738.842
70047.4
8015.79
4232.89
17830.4
19534.1
900.609
891.366
3265.92
7172.23
7995.05
252.589
454.079
4379.54
17289.2
41034.8
2028.39
330.202
1489.16
1089.42
7826.34
1117.23
32609.4
597.936
1691.6
847.559
19771
26180.2
40247.7
20394.2
689.148
3747.24
225.852
878.811
11565.6
17971
617.821
3535.97
3426.21
17276.9
20072.1
1107.73
439.24
26565
288.763
39793.3
354.634
8049.14
1172.64
29812.5
904.873
14922.5
39383.7
302.103
409.725
339.932
4450.76
913.38
754.996
359.768
850.057
1345.46
45290.5
13073.7
2253.02
1400.3
15131.9
230.273
5210.07
27491.9
55796.4
32678.7
23743.7
8424.43
8053.02
911.37
2825.89
2855.6
737.43
1026.51
1802.17
73335.7
1508.91
1293.95
58177.2
65991.2
16113.6
2033.26
573.434
302.025
4297.8
3972.43
1035.24
15815.5
7636.94
11472.2
839.557
3841.96
558.806
419.987
73015.1
3539.77
921.129
1888.41
2678.07
25617.6
8937.29
2849.67
394.019
1023.2
232.733
528.496
29857
427.445
3797.93
3050.12
5289.01
401.119
6733.08
35847.5
2998.33
126.082
195.799
5481.03
138.275
1722.27
23245.3
66202.4
450.104
12913.3
967.018
891.084
4722.86
984.532
1608.69
2152.51
294.86
19686.1
1038.71
1750.82
855.762
55612.7
300.036
600
3671.91
201.129
24520.2
43234.7
72914.6
3636.56
5909.16
3817.17
1407.55
457.394
564.19
1060.78
2389.37
64766
2942.23
5215.9
2867.81
4411.8
1524.37
1032.2
1563.28
1769.1
911.817
895.661
3428.85
2049.6
1211.99
2512.52
18300.8
750.473
276.308
526.935
1958.78
903.891
12756.3
775.374
381.518
1103.48
516.932
51314.3
521.269
15717.8
340.624
3546.82
4327.74
858.186
5283.9
2151.83
439.647
369.548
2378.54
1741.19
3677.41
735.179
2009.57
652.815
505.015
9861.95
31371.1
336.882
1540.19
3333.05
6310.67
29005.8
336.639
1099.37
14725.9
61861.4
867.29
23228.5
780.838
205.734
18015
626.478
178.103
587.533
1532.56
11425.6
50213.9
526.85
11179.1
7906.98
1416.27
35702.3
1703.64
982.544
938.428
417.982
580.36
1942.99
16906.4
3460.64
305.213
2945.96
992.157
308.158
1248.41
6439.04
313.676
122576
3571.99
124.258
26497.5
2397.22
1390.87
8829.82
353.257
781.203
91.9597
11012.3
19133.6
175.779
614.21
9895.04
28210.7
251.038
491.447
472.776
