30530.4
53348.1
269.791
48521.9
4835.99
175.919
532.892
4197.7
44894
2417.07
5370.76
2877.6
3485.52
5336.95
1018.17
821.391
4947.21
1829.92
2559.11
13679.6
113.596
4704.37
1007.98
5390.63
7898.42
2397.01
6968.98
2834.5
1606.24
236.036
734.266
281.125
1619.59
5743.93
1707.7
4418
3004.61
18828.3
2025.23
41179.6
7922.14
17463.7
10161.9
2298.44
977.353
527.52
39362.7
87305.5
9162
32836.1
107187
2902
134.527
390.955
13824.5
386.009
19725.9
6305.99
4330.74
2664.57
1569.68
311.34
53294.5
8164.98
21615.6
6378.5
922.914
23873.9
1125.82
3180.96
10298.8
3223.69
59626.9
4135.52
17996.7
3162.48
5775.89
1218.03
1560.02
2515.19
1880.9
15832.7
4578.81
1072.62
1664.92
469.903
78969.9
823.476
2901.47
229.668
293.997
4704.16
838.744
364.213
20070.2
1029.4
1877.88
9126.91
44006.7
862.279
273.899
452.977
203.175
5101.44
508.455
1186.28
363.613
203.424
4002
846.016
1730.5
1995.12
2468.41
1203.38
68432.5
1014.6
203.483
2019.98
11122.1
414.136
822.771
6758.74
538.034
35242.3
1136.87
8564.55
374.161
27220.9
25398.5
11366.2
618.881
2976.05
1138.14
7416.01
24123.4
1474.95
1624.17
3128.13
1338.92
803.959
4557.55
16783.1
1069.42
18888.1
993.837
491.892
966.549
508.013
4842.37
18630.4
1913.43
357.626
284.052
1922.96
549.941
8080.19
446.106
980.525
1832.02
35124.4
301.847
4468.09
513.418
690.832
1038.25
529.503
957.056
6022.54
7852.65
19636.5
1070
29756.6
3411.93
7602.01
884.63
3160.64
288.703
1878.61
2248.21
20955
20233.4
234.646
3543.42
2149.75
27647.2
1788.43
22004.2
36574.3
330.245
2571.21
412.197
8537.94
23555.9
413.608
1349.36
367.597
994.278
12644.2
1213.45
11771.8
2689.14
799.726
8823.79
6391.99
292.605
1046.99
304.215
534.455
2133.92
1582.5
847.9
1312.93
781.399
1245.3
944.845
1266.77
745.114
19759.7
633.466
8633.25
554.807
2090.36
2758.42
410.023
759.533
1638.86
648.708
3295.41
238.969
19801
227.782
65466.1
655.793
50802.1
582.584
14052.9
631.663
15566.1
3301.25
296.959
10327.2
125.086
4667.6
52516.8
22915
33600.2
535.448
9089.04
9875.03
10620.7
40946.9
141.264
13794.5
5866.09
753.611
4587.28
10942.7
875.093
8995.2
1064.99
658.608
20309.3
3616.66
35920.6
14194.3
7344.09
9022.37
17034.2
190.985
4615.45
1534.42
10752.3
84067.1
7629.37
1116.31
5650.03
1148.81
884.312
1338.45
22872.7
554.501
32853.4
2047.43
856.302
3252.54
14312.4
437.229
11185.2
42028.6
10246
2417.69
38776.1
1965.69
6136.06
2477.16
464.195
5684.17
789.819
543.975
9961.87
1010.38
954.829
1165.68
2523.88
289.655
2748.23
924.545
2563.1
711.309
929.646
18900.7
2010.58
5773.18
481.182
972.237
260.574
385.583
2122.19
43576.3
362.347
3643.64
579.117
394.764
2425.7
448.587
1682.27
84602
1679.79
1170.24
12706.6
38461.1
1977.88
37235.3
16083.3
40024
6774.91
4158.01
5067.82
304.713
284.037
2043.37
38015.6
2197.8
1980.6
322.368
468.927
1807.88
350.106
4101.59
15752.5
4137.92
3083.42
2197.37
42372
137.094
26256.6
9571.76
23478.5
2294.36
33678.1
526.873
865.61
2135.87
4146.05
1250.25
986.541
13229.7
4281.35
294.537
829.576
22556.8
5104.89
3697.72
299.76
11905.7
1799.29
8327.42
352.451
411.572
2486.79
415.421
1510.07
275.252
1087.77
452.87
22525
4990.04
237.639
1055.29
7154.1
260.32
30181.7
1247.5
3998.89
1278.81
687.192
4894.1
436.494
444.086
2508.4
1238.54
2955.52
7898.4
10205
11958.8
674.477
196.634
24048.8
5201.18
17244.9
1025.86
9172.53
982.769
8900.51
1644.99
11243.1
4842.38
655.536
5488.07
3193.7
185.195
580.409
10589
32748.3
2453.69
11258.1
52719.1
2765.52
98294.9
18554.6
4158.76
473.389
21146.6
1423.21
944.112
11243.8
647.739
1492.11
609.084
784.005
2417.38
496.746
540.952
1105.62
4244.97
61960.1
29269.6
289.095
671.866
2662.94
12979
348.39
12059.1
552.5
14075.5
24492.9
54759.9
865.096
293.441
43601.7
12040.9
3491.89
48787.7
839.225
5026.26
25119.4
992.578
1108.32
4975.17
19311.8
149.053
627.188
12360.6
1159.17
76012.8
14962.9
3278.99
154.213
816.957
30751.4
499.554
1194.56
1054.93
221.627
24811.4
6051.42
39778.2
72935.5
10129.3
180.923
2393.64
5244.48
30613.6
5567.82
28580.9
314.93
2763.89
3666.91
275.746
275.511
2874.69
4335.12
2247.13
326.088
368.599
748
32608.6
28780.5
395.37
618.882
15726.5
1576.98
359.374
2166.73
45974.6
2667.22
183.812
2186.11
1184.65
357.872
609.59
206.429
1864.67
262.339
2402.43
1452.69
7651.49
2700.86
7794.06
3566.65
1276.71
463.239
37467.6
1395.92
4304.17
17048.9
28503.7
2412.82
340.194
673.103
1198.21
4621.55
4174.57
8715.58
2071.95
273.32
10641.8
2840.39
12430.8
2590.38
1447.22
2281.59
1740.75
590.979
17167.6
1084.88
372.562
175.099
853.231
817.459
392.063
957.169
3018.23
699.068
2830.18
440.284
1332.2
16227.8
210.346
27052.2
530.504
1680.67
2057.77
1721.94
1454.37
500.229
25368.4
365.355
1661.01
8915.74
7712.72
12346.5
62224.6
5026.62
1047.75
289.122
4000.93
17924.1
507.23
41038.7
8969.57
1042.29
1378.4
54478.9
19993.6
13788.3
22873.7
1913.53
52112.1
794.26
912.176
4474.82
1220.25
2907.95
5406.86
1506.94
1352.63
614.429
700.292
2354.24
47604
776.057
14408.3
1131
935.246
477.62
14578.5
260.509
635.259
4318.13
17787
28671.4
1035.61
17952.6
555.297
3676.73
289.814
463.79
2461.98
739.476
623.419
289.928
19134.4
492.195
2965.31
11552.9
921.455
2948.9
527.706
278.055
2129.52
76.1074
994.955
8504.95
889.684
27104.1
38641.8
3156.76
649.569
1210.67
4206.08
22745.2
323.661
15134.8
70186
279.892
27784.2
20761.6
293.656
346.899
876.227
276.891
2630.02
6896.75
479.229
682.127
289.515
36326.1
5685.48
1123.69
930.003
157.231
19678.5
4689.73
796.041
4828.7
213.944
405.437
6263.39
52134.5
970.528
68937
2082.99
376.986
690.523
31211.5
454.55
18680.4
836.004
15828.7
45076.6
2794.52
2023.57
8266.86
422.948
1421.18
5758.41
29291.8
17929.2
215.667
13770.1
1375.3
17602.7
1560.9
2790.23
5004.82
6550.21
241.549
8287.96
3875.35
18738.2
2452.39
12131.8
1491.87
3508.4
20049
946.656
1112.44
1080.49
806.942
2327.78
484.806
2063.69
10117.8
4010.53
16885.3
4842.38
1624.28
9289.04
33833.7
8134.6
463.217
1871.32
24186.3
794.503
1310.51
11622.9
5001.03
1419.44
174.405
13302.1
6399.77
74025.5
2338.31
453.262
14066.7
965.119
18948
35879.4
9157.93
7538.4
2756.99
49276.5
264.255
2146.36
256.614
704.702
2491.15
109.282
202.618
20168.5
968.001
2963.95
387.182
1927.43
772.66
6351.71
30459.6
9990.32
2345.22
3991.14
40860.4
5174.57
49805.7
2414.6
297.177
4208.77
25056.1
287.384
620.397
884.899
304.751
1937.42
187.963
908.984
2117.15
7126.73
3684
389.489
499.137
10343.1
9269.87
1093.22
1917.8
322.952
4226.15
1035.87
988.405
35783.6
9559.56
88293.7
115.645
382.503
52979.2
21830.5
229.129
1835.89
197.895
884.599
1032.66
26654.3
46103.4
4280.35
1558.6
276.354
575.632
553.925
8489.17
1662.16
2899.12
270.143
284.739
885.982
2862.56
16280.7
469.176
1783.32
5983.12
497.016
3723.28
5295.91
30768.8
2180.1
806.817
351.238
990.318
3603.58
14561
1042.14
30639.5
29477.2
211.738
8166.43
1508.86
17184.3
1092.32
13171.1
1856.28
2176.04
930.883
288.199
35105.8
2311.75
1322.39
25608.6
23024.8
22060.9
3831.8
280.915
5134.78
3008.71
165.466
245.179
3720.84
20947
2894.04
282.271
1662.24
733.35
1363.44
4291.54
13218
4513.37
2154.06
143.363
813.984
678.296
1356.43
18894.6
9125.44
172.864
6593.63
536.14
373.979
347.356
2233.81
20631.3
326.653
19308.6
506.924
8353.05
519.035
322.977
29701.8
670.844
6823.12
2102.43
3071.91
3538.88
361.627
1843.33
5727.46
11083.9
492.647
2082.36
8432.91
4216.31
1069.36
1721.48
1150.65
448.487
900.657
35146.9
19150.4
737.166
460.837
1395.29
637.465
2802.24
220.768
6095.45
400.463
1186.27
6170.71
7933.2
6403.72
4200.35
355.21
584.327
2130.04
7429.95
777.958
1729.06
379.09
555.102
2146.64
15634.9
1454.7
3777.32
61402.1
153.146
555.165
42520.2
1294.02
48915.8
18324.5
13116.5
59424.5
11089.9
3687.03
39062.7
1468.13
1498.24
6347.37
457.761
4533.33
927.409
2192.61
1615.46
6252.27
1045.01
1460.22
337.342
1006.65
557.527
659.175
34625.3
11534.7
279.121
3686.19
596.538
2110.12
997.91
40427.9
639.063
6208.41
18523.2
22191.6
356.119
6565.72
2946.49
25032.2
16310.4
412.889
6707.36
680.053
234.829
495.414
2678.33
184.363
1396.11
755.714
11235
959.446
536.862
592.407
1017.68
2981.82
4294.82
3222.45
18430.1
32826.6
21456.1
4847.63
626.596
5878.98
367.189
15896.3
19777.6
228.697
5150.45
5753.18
15316.3
838.542
3442.62
278.295
36887.6
9584.52
562.216
825.043
404.766
14081.3
5326.29
2006.74
36257.5
6146.23
29004.9
3585.53
6774.79
335.439
3787.13
12945.1
1157.78
11375.7
33198.4
340.239
1848.63
1032.07
1216.18
532.78
1870.28
577.713
2920.12
1320.37
2647.19
183.608
41066.5
2934.83
12454
682.708
2851.84
914.19
32765.6
56929.8
2116.31
1461.53
41488.6
511.833
442.529
18002.7
1082.24
1721.29
284.334
618.227
1533.94
1987.41
419.781
29052
689.222
2129.9
460.64
1292.26
9779.37
173.194
3255.13
1380.83
35340.3
5663.77
302.813
5677.43
3347.79
370.646
256.865
7748.71
2826.47
907.261
4069.42
196.614
5566.55
1231.65
4639.17
42009.6
11868.6
1011.41
3102.72
769.851
29994.7
1393.85
3354.73
2756.58
181.797
11957.8
21390.4
2886.83
39023.9
1399.37
367.322
1404.09
325.323
9888.95
1145.61
6002.94
2586.03
18570.6
390.074
10981.2
397.551
1219.49
22343.7
710.179
478.91
2112.16
28993.4
2435.5
48201.3
398.449
3410.93
667.758
392.579
1582.8
1666.43
1179.72
30727.1
236.958
3971.09
540.544
9980.91
5162.02
555.312
523.427
688.969
794.881
1132.43
13838.3
99675.8
1961.85
468.343
385.042
1601.37
2746.69
601.375
1459.44
1591.34
52840.1
3066.83
2339.07
34685.8
1381.43
511.286
352.946
1934.67
1356.84
12242.9
1523.38
867.927
1627.65
7861.49
4362.93
308.526
680.398
430.932
488.004
3235.52
30932.7
3715.16
612.466
527.608
1817.52
64881.6
614.486
1021.36
3767.41
248.691
1439.14
461.755
21118.4
13937
244.647
730.648
27870.9
35725.4
19528.8
2167.41
3992.06
6661.68
766.646
11423.2
56789.5
14596.2
1385.43
20848.9
29679.9
1484.13
909.368
2316.77
1097.76
29851
17105.8
258.102
17712.7
225.551
46575.9
37833.8
893.029
9478.36
29948.6
2008.17
292.768
532.899
4318.75
12536
2681.2
6384.69
504.698
14183.3
1282.57
2632.63
12393.8
1839.6
729.185
828.092
324.037
910.363
1444.78
745.047
2712.13
349.668
2263.27
150.609
2885.86
408.957
815.855
18565.4
16746.4
6270.37
4671.14
23453.7
16898
22937.7
31039.7
720.581
617.279
8697.61
1841.67
2984.47
1118.17
876.829
3644.29
1443.74
1673.31
224.898
2261.16
21478.2
11277.7
1098.97
16682.7
28583.7
703.551
15242.4
3503.6
1472.97
14875.6
12550
248.15
1179.03
906.494
52216.4
1249.27
1245.37
3485.47
7342.94
2224.62
8058.93
3690.99
2011.47
975.85
340.7
3003.94
5352.99
637.157
764.878
763.984
21727.8
20422.1
937.337
585.072
2633.23
20899.2
1073.77
3327.44
1754.91
30357.8
3305.39
1172.54
2018.11
2946.13
8730.29
1133.61
2260.07
835.144
1997.14
10462.4
1299.17
457.986
1397.45
462.537
496.162
1627.35
828.423
211.308
1900.84
14169.5
34539.3
9019.74
28060
850.18
763.475
3195.49
4551.13
702.748
8162.11
4564.83
7175.49
6121.28
8819.42
5883.34
11915.1
17476.6
14209.5
305.529
17510.8
28476.4
11935.7
2042.42
506.478
2047.55
2912.63
883.065
1594.58
436.134
1176.49
379.171
608.157
23579.8
1024.89
680.755
715.916
871.047
15842.3
156.87
16955.2
554.106
68589.6
3088.62
19737.3
164.331
1481.36
19177.8
597.062
225.318
1461.98
30588.9
423.818
899.871
41014.2
16357
15358.8
409.992
14171.3
18015.1
305.983
15282.7
2573.88
17459.8
2089.16
6839.98
721.217
1410.76
9088.46
69484.6
51990
3524.92
36620.2
1896.51
16339.2
11329.1
56229
3221.2
1284.73
1312.25
1313.84
512.254
6052.26
18234.5
12335.6
456.575
10199.5
3484.58
262.699
439.83
681.359
37067.6
15739.4
211.776
26488.4
234.517
4880.73
345.085
2297.84
324.8
799.046
694.701
26239.5
12129.7
59390.6
20088.7
3118.66
431.404
301.573
11203.5
446.37
573.526
1746.65
7330.4
9565.67
945.251
307.687
557.474
15117.2
588.709
4024.94
1030.25
14478.6
399.876
5681.96
1538.07
651.26
39310.9
8270.39
7315.01
954.477
2940.54
1543.94
1038.84
13972.4
98.2778
27096.8
9277.44
184.281
8119.89
7217.32
23405
1021.99
38944.9
437.57
5792.6
942.223
2196.34
145.106
3442.93
7663.03
225.234
2244.08
596.36
1252.21
9440.92
838.227
1333.1
518.87
25788
612.738
12931.4
15210.7
1403.26
32904.3
169.315
185.017
46621.5
2248.44
1625.83
9998
25600
5590.2
667.822
16429.3
9883.68
2828.69
592.04
2876.2
1232.5
7177.39
4188.74
4246.31
867.817
29570.6
14975.9
7753.96
377.406
482.867
558.812
4369.69
715.239
6709.51
543.674
598.969
16525.8
225.488
491.535
1157.02
958.268
18094.7
246.696
538.547
1538.66
4287.18
8991.1
1216.14
639.745
1431.76
78197.5
5218.25
824.29
10374.8
799.174
47290.1
55053.3
643.443
19708.5
845.008
457.312
2834
4934.44
10664.2
2205.98
557.239
9512.5
13860.2
850.833
2204.67
3386.75
2375.35
2023.53
15685.4
270.034
3647.02
1457.16
204.297
5530.67
4763.44
18691.2
18531.6
2934.28
47063.3
31554.4
4010.34
2507.8
14738.2
985.919
4509.16
4936.3
26611.6
4516.9
10110.8
504.755
1029.93
1259.79
1281.59
1065.98
313.077
2837.65
1054.3
2962.4
1358.07
10489.7
1108.3
327.466
1621.22
2959.21
9326.58
394.375
5385.28
44116.6
7990.7
294.869
29139.2
2933.82
309.435
1541.32
1381.02
23768.8
15047.4
3023.77
524.848
19051.1
31562.3
331.848
1902.33
19475.7
11494.4
919.156
3661.68
2384.28
20122
1303.78
1233.89
63302.2
236.272
1407.24
28522.4
1041.81
742.833
2320.77
1898.14
2480
529.98
3383.61
832.457
30870.5
902.273
305.631
24653.2
693.951
3019.1
995.326
2557.99
2867.26
297.141
5191.63
623.16
747.682
1143.53
48089.3
2817.37
151.029
10716.9
621.53
633.184
558.295
14339.2
3943.53
725.967
1805.62
457.938
732.874
446.195
13230.5
1200.92
32810.7
41160.1
1345.37
204.277
1402.2
2958.93
162.683
1960.51
36788.7
211.524
761.264
1143.99
65306.4
4933.42
4395.23
1678.04
5141.78
2474.73
6421.85
1021.45
8068.99
28874.2
1263.75
434.666
3605.76
9151.43
5116.24
461.709
20839.1
492.38
217.845
78213.6
37450.9
56778.8
1575.02
444.001
437.868
2945.77
26673.4
21784.5
802.036
27165.4
36259.6
59598.9
1368.27
5582.05
8455.57
177.222
3690.16
21538.4
33223
20764.4
26860
9207.01
716.999
970.987
569.757
19108.1
29567
7098.41
15509.9
2652.42
42736.3
320.517
12197.7
11048.8
7287.58
6905.44
156.09
682.87
2297.49
10805.5
1614.76
333.913
2714.36
5209.85
286.971
13113.1
1572.87
1829.67
704.556
592.247
66770
328.157
455.291
25881.3
4650.02
3646.2
221.86
12333.6
2050.61
13414.7
1636.33
2426.46
931.735
1549.01
49022
654.905
18672.4
800.509
718.085
13260.4
14535
37936.4
2684.05
1786.26
1946.36
950.446
6015.31
807.291
2629.65
16256.2
8314.74
605.867
27903.6
9797.98
533.995
4804.42
203.374
819.527
37750.9
12424.6
8714.78
1161.37
56878.1
1511.86
419.207
1911.94
308.53
483.458
2489.99
428.529
19930.4
1494.22
17642
1140.16
29180.9
17008.1
295.578
21228
440.166
24610.1
5078.37
23252.4
1894.84
3471.37
1112.21
4364.72
817.893
22647.7
662.432
676.026
1203.63
30462.5
32774.7
2927.14
5775.93
1264.46
41712.6
2822.48
5064.15
34888.7
8790.65
13153.5
26186
14948.3
749.197
33941.6
7681.41
19111.1
7255.12
2486.62
28074.8
8043.61
346.913
3120.01
2126.49
2422.21
1500.09
10349.2
320.403
189.803
1713.4
3113.1
1256.03
16921.9
1364.41
4671.18
10063.4
20095.8
1862.22
4786.88
242.412
450.268
537.33
29562.4
82787.2
981.441
148.834
30327.9
361.431
4334.54
247.542
1593.17
19002.5
5777.72
799.626
93833.5
15017.4
18068.3
611.609
532.143
76053.9
1869.01
1996.13
601.82
3366.44
59162.8
1188.18
555.51
634.171
1444.38
18307.8
475.133
326.83
5213.73
3077.75
1254.04
19572.6
256.34
368.825
1611.48
10565.9
907.453
372.991
438.804
16379.7
8661.54
1529.89
499.172
17748.3
12979.5
5522.93
1847.82
2023.27
739.302
35708.8
8289.44
31563.7
30739.2
1509.48
4011.37
574.738
18763.2
30181
19896.7
5367.19
299.106
3587.82
920.566
366.512
7526.23
623.419
13231.9
6195
3288.57
6865.9
4940.06
398.432
44071.3
56620.2
3744.33
24380.1
41499.7
29342
1162.43
1908.56
5800.66
2489.74
710.229
2584.67
9149.08
2191.32
5257.85
692.947
1631.45
20729.8
1810.99
1950.55
598.461
33386.9
183.389
8485.12
16324.3
5631.94
27988.1
446.276
2041.27
343.437
1164.64
6071.68
4834.54
2065.36
1203.04
3609.71
8035.96
4119.95
1243.01
616.652
21349
1939.27
126402
405.302
1529.74
569.211
830.2
5106.78
1287.87
53227.1
786.4
32443.4
2283.39
1684.85
1732.59
7751.86
814.791
209.12
23452.8
6930.71
35957
60798.3
928.373
934.292
6052.33
477.732
47501
405.739
818.618
391.496
511.145
3810.17
3002.6
1587.4
3695.59
54431.2
2291.69
74685.1
3104.53
870.573
1642.26
10098.1
421.377
691.31
666.517
9859.58
4846.49
3259.54
56496
6901.13
6960.14
543.784
288.518
2566.46
345.893
2505.2
4472.42
1272.25
166.17
12691.3
2190.26
35880.6
14517.9
488.317
12991
446.84
826.142
866.489
498.752
879.735
40095.1
1128.98
586.756
34280.7
876.703
683.378
61177.6
231.59
545.837
46314.9
3149.14
1322.35
4309.5
1164.77
63921.3
2864.48
22501.3
5318.47
827.782
1167.3
623.162
576.734
710.759
1010.5
526.103
689.695
5668.45
528.794
996.234
135.468
780.341
480.246
43518.3
32028.3
4502.71
9205.75
743.259
685.418
3021.32
2099.04
27605.4
3543.82
2624.24
2633.09
1671.71
522.133
24312.4
913.47
941.927
13987.4
16047.5
387.998
5758.75
1382.34
387.987
1312.33
1312.77
247.274
4844.36
1450.34
5289.24
7836.52
3406
1036.83
30740.4
3356.11
1978.1
845.983
282.492
689.695
569.086
1355.84
9099.25
870.452
1181
1183.02
548.903
18511.4
23182.9
486.902
41972.7
2851.46
1051.67
982.58
427.127
16371.8
936.01
10495.6
17504.5
659.625
46085.3
224.025
2219.72
210.678
494.957
807.587
8459.25
29289.1
268.785
5865.73
4007.56
1253.12
59533.9
3215.94
2227.79
1033.12
42117.6
22201.1
13440
406.345
10432.4
453.869
1385.33
439.172
1625.72
20864
445.89
413.443
395.592
754.665
645.047
1879.22
9087.58
13823.6
6041.77
1355.77
448.232
74010.7
1399.04
4758.72
4298
6740.73
1441.84
1788.66
587.454
4885.71
4050.61
6805.3
5707.52
6000.4
136.389
732.681
6175.72
1077.15
572.839
39140.3
26612.3
6012.73
19634.9
6053.52
305.492
19065.7
23294.9
473.123
1971.41
1302.1
23669
1134.03
9882.35
546.903
10477.2
105.348
1874.85
494.649
16146.1
7275.9
549.448
294.575
253.05
2961.95
20583.4
7630.06
6813.6
9099.68
10043
218.631
2525.11
451.616
918.701
5930.27
4596.88
1396.74
297.648
944.084
30507
2833.04
255.495
748.011
11030.9
15519.4
13767.8
12735.3
15949.5
27502
31061.5
7323.45
48624.7
2187.03
7462.71
846.246
15592.1
428.678
892.135
468.564
830.115
25423.7
943.495
1003.13
492.46
4980.28
10707.8
1065.38
42746.4
452.955
8333.43
354.677
24243.8
2280.75
12296.3
12497.6
24545.3
24339.1
379.052
1034.73
1052.82
1363.89
409.107
2309.24
1035.13
16092.7
3260.46
36357.7
243.922
5441.66
230.73
15263.7
17426.2
2441.5
7447.15
3178.92
1167.3
42237.6
1749.82
3675.52
969.317
917.25
2393.43
3067.43
38389
4143.93
4481.58
1348.58
326.556
3331.34
343.793
62263.8
32141.7
2946.47
207.926
3544.72
745.407
16526.7
5930.26
5744.46
1142.8
6428.5
591.448
615.066
37586.7
2944.39
926.339
985.923
1172.64
11432.9
19147.2
860.676
1359.81
40064.5
900.605
4994.03
3574.12
256.465
523.287
3955.72
11557.2
798.911
2513.82
517.473
385.785
3990.09
501.551
818.247
2062.76
10278.6
2713.95
405.891
71645.8
230.489
779.556
844.538
2714.27
4679.85
11853.1
282.099
32500.5
1782.61
54181.9
6493.09
10907
1282.96
765.682
1542.48
747.417
840.556
1173.46
2206.62
10297.3
4217.74
3231.44
753.788
2432.78
6286.74
467.044
313.643
963.431
52233.9
499.563
1332.22
1943.66
518.974
199.153
691.305
72435.2
43481.1
321.667
846.177
10649.2
2135.45
54177.7
946.943
1689.74
706.783
22728.5
38664.6
58175.3
19445.4
15092.1
197.487
4152.49
276.098
48859.7
3846.38
1267.04
204.832
2758.05
403.657
495.285
34493.5
25586
559.059
135.505
219.185
368.462
714.084
481.257
73485.5
31327.5
5223.89
1094.39
7521.22
220.065
54860.1
129.305
26491.6
5056.23
830.276
1703.86
4322.41
4999.07
517.311
693.469
832.89
3982.98
1535.32
35341.8
54188.3
297.39
56448.1
1119.39
2745.07
9038.76
1187.32
2061.26
2661.29
174.001
527.852
398.009
9050.29
201.838
3295.68
2092.51
2288.15
1245.22
437.198
894.716
13569.1
696.562
22141.8
7069.06
8357.53
31694.6
27332.3
2506.85
311.157
606.857
1098.66
424.005
2683.98
929.733
384.673
318.232
557.055
1858.2
528.069
1039.72
35807
1182.48
13805.6
3431.17
217.31
689.381
7289.32
343.423
857.533
880.928
716.468
8154.36
722.647
12736.7
8353.76
4748.74
9184.51
41686.5
5604.02
620.294
213.164
1319.45
1197.76
21281.3
244.606
1081.17
1896.39
3432.69
430.445
566.735
498.391
3437.87
843.73
2941
8128.91
1260.22
3435.76
941.475
9343.49
17327.8
30061.6
19419
59009.5
1181.92
15490.9
8859.61
6140.74
6345.9
4746.73
1178.79
11883.2
19931.8
30961.5
50758.2
6141.83
360.141
1216.87
4123.72
11581.4
5882.9
140760
5128.59
15324.8
2740.23
18037.6
108.928
10126.4
3757.29
395.431
1351.98
1307.74
1032.6
687.539
62268.3
2938.06
87261.9
2460.34
1820.19
320.108
709.507
699.761
2177.37
3068.38
23870.7
343.188
1065.37
771.906
2031.61
1383.8
1714.01
824.077
68260.4
311.618
280.09
612.74
20403
623.114
3261.2
1021.45
9102.71
266.864
3068.75
978.224
27746
1445.85
5017
460.909
28113.9
1010.86
21661.6
16339.3
2821.33
19387
20529.7
684.941
41894.2
387.43
62689.1
396.742
43044.3
20038.5
1723.61
2980.42
394.844
137.172
1617.65
7054.92
683.353
1195.28
390.093
2275.03
158.039
974.83
83164.5
292.608
1676.94
1813.74
237.524
533.704
706.878
5470.62
2162.74
6427.6
659.53
4712.85
13338.2
4775.99
748.194
1951.65
649.719
17081.6
4910.26
1589.92
671.767
1811.92
23162.4
36111.3
1862.84
224.517
393.817
339.965
692.751
522.669
1329.1
960.632
37237.1
1562.28
2530.13
656.542
660.988
1129.57
23468
222.375
13491.7
1099.8
4676.13
587.826
581.521
631.847
1119.31
413.844
865.076
13473.8
3431.72
3159.06
748.642
1761.66
4173.42
182.855
1781.97
727.821
923.779
13153.5
40722.4
27896.9
6278.94
4552.93
947.53
2426.96
5556.39
839.382
366.601
1633.4
1736.65
8290.07
2051.76
3946.64
34821.6
1403.8
6592.13
4475.99
30154.8
1743.22
26441.4
17717.3
2523.71
405.138
13302.9
181.193
1052.01
566.835
2875.66
667.851
516.63
4659.03
3373.27
483.259
10441.7
1462.51
291.275
26244.2
178.605
1171.5
2159.51
4713.59
328.122
1166.22
16459.7
104379
758.667
2091.35
713.615
370.009
3328.42
13661.1
20192.9
1514.03
6019.16
767.804
393.461
11236.2
16311.2
3104.05
16697.4
3241.81
576.483
988.793
1657.18
805.317
287.432
783.291
8953.19
1484.69
5889.42
1966.28
766.131
150.537
17402.2
267.344
2537.56
422.144
870.235
11205.9
2202.33
42069.7
673.392
1105.97
3192.28
25254.9
708.266
3584.58
160.318
26384.4
9850.92
40018.7
4750.79
18124.2
358.778
27965.6
271.88
4252.93
2292.37
400.931
1740.54
1148.98
982.765
3069.05
45204.5
1941.55
2738.52
2709.09
28785.4
590.434
1158.79
212.859
224.371
437.945
82151.9
436.551
8529.21
5039.36
3389.75
1148.44
1701.7
1574.79
388.945
8501.5
19201
11583
3414.85
536.621
382.732
651.162
4148.56
29127.6
8202.8
10986.5
742.199
1061.05
35344
572.926
19556.2
863.418
2451.2
8963.39
5983.57
884.482
2803.96
586.026
27094.9
8487.29
27393.5
639.424
1574.21
22781.1
2712.61
15106.9
1203.19
419.465
634.071
8883.68
507.169
157.932
615.82
23742.2
804.259
5140.24
1145.05
1689.63
331.867
2006.41
2819.48
13153.4
1404.07
14513.3
29798.7
25736.6
11737.9
268.351
12117.1
32960.2
4276.64
952.896
29874.2
1133.21
9409.9
3028.68
17118.8
737.807
189.706
19628.4
34657.8
12826.5
843.667
60716.4
3786.38
377.901
207.789
308.921
1631.78
7943.24
3093.74
12632.7
1681.72
2567.27
21917.4
3230.29
35841.9
767.274
1917.58
627.31
789.298
4220.53
63707.4
39663.5
17368.1
1934.44
3675.28
11889.1
702.174
4160.73
19555
506.227
1039.07
757.075
41084.1
9318.24
1541.01
2182.78
2182.89
15450.1
287.411
45317.2
1389.52
7168.98
15827.5
14785.8
498.664
28772.7
417.184
21446.5
1126.92
2151.05
127.223
352.46
272.823
11013.8
278.388
5475.9
1783.18
3223.63
20694.4
11765.7
16163.1
201.346
2174.34
747.968
2057.57
982.065
8479.15
11138.3
447.552
19870.3
663.526
418.506
535.382
38489.6
1963.32
9085.11
549.166
778.544
19335.4
1211
8320.61
460.635
22258.4
2954.84
1432.67
185.317
9810.51
45280.5
2720.3
470.769
437.167
16923.1
3559.52
1256.21
802.628
15541.6
739.434
61208.1
375.958
9208.93
16175.9
1765.73
628.058
254.69
28007.9
2007.14
12651.3
393.285
1434.21
4149.31
594.873
5740.05
5367.94
1319.88
3460.58
291.227
1351.54
2564.81
412.049
5608.01
3900.43
11246.7
194.215
19162.6
5183.79
1151.34
807.625
39975.7
4964.93
106.611
6597.85
1316.05
1931.98
5289.43
618.144
37864.4
2042.59
32153
993.676
26116.3
21315.6
18476.6
1069.57
1854.71
52790.1
71012.1
1991.17
816.943
31015.4
2202.01
837.477
8539.24
9060.52
849.503
548.058
593.193
2918.52
219.182
10470.7
3075.08
6266.12
7326.43
396.645
705.049
1146.63
5245.83
20819.3
22942.4
1114.46
23096
84836.7
3172.43
10541
230.2
1577.04
4577.51
7930.06
1292.54
844.719
682.828
1316.77
11335.9
27591.5
14838.9
17019.3
546.775
16993.6
785.807
10719.7
426.735
11488.6
5997.02
5139.18
5599.31
10948.2
4322
5371.09
6733.63
7824.69
190.704
164.459
989.794
9034.14
607.009
24200.2
2712.19
1975.04
5636.81
885.945
277.302
176.101
116.195
29626.8
529.231
485.448
550.435
1145.42
606.86
35938.8
586.018
158.928
1964.47
387.563
35320
361.783
23313.1
4248.81
2832.68
1116.65
22838.3
3930.94
17983.5
6501.36
28029.9
1552.17
2508.63
1638.3
614.59
1023.94
2166.67
10570.8
1042.11
968.108
5814.27
215.516
19706.3
2703.1
1425.94
350.299
166.16
1879.42
556.881
23367.7
7024.1
11608.3
146.613
10429.3
13215.9
953.125
766.377
43870.6
9223.71
933.291
9175.64
63613.5
945.158
3866.91
4604.88
794.91
18867.1
1770.12
4577.09
26946.6
973.063
1559.43
1822.78
6266.44
1959.34
8008.32
581.645
17572.4
1479.14
566.883
1323.55
815.404
768.803
29031.2
1823.09
186.688
2247.08
20812
188.295
2702.9
25983
49144.5
834.606
311.956
24796.3
899.324
1070
15648.9
407.552
4661.13
44202.8
101.74
229.234
3819.77
1601.34
9960.02
394.468
15617.1
14216.5
1700.84
760.272
3666.07
1059.44
2629.1
259.831
10941.2
2292.9
20672.7
12143.8
6722.38
17112.5
561.721
17616.4
3894.21
255.045
1410.96
954.152
3398.29
41057.9
22773.6
8566.62
47019.6
402.099
38450.6
7664.51
639.049
3206.2
1259.9
3727.37
446.238
225.692
15933.5
7321.13
267.304
362.761
822.323
1653.47
4099.39
1764.17
6743.31
1826.72
6631.39
951.036
523.551
336.29
44425.6
628.037
6221.6
2517.16
1416.68
576.348
33888.7
392.195
11597.8
15294.2
639.896
250.107
823.519
1139.24
19077.9
540.638
980.768
10016.3
9461.65
3878.28
31708.1
5195.73
2146.76
2223.39
4544.99
3375.05
193.825
1007.3
1719.54
6036.35
9989.01
1481.39
1168.43
2104.17
1462.74
1232.17
9326.49
963.726
1470.5
1163.03
4070.62
30655.3
427.97
2097.83
1400.28
885.445
14096.4
3067.77
3173
1078.95
818.697
1948.5
5824.13
254.157
638.085
426.696
36891.4
567.834
8776.57
27017.6
479.349
126345
902.367
5367.12
190.092
180.567
16136.5
179.403
6473.26
537.032
970.105
3834.14
86445.4
1554.2
684.31
1148.02
31126.5
6806.93
971.114
48043.8
2475.46
752.234
12072.2
1012.12
19266.4
341.351
8623.98
15999.4
558.608
29718.7
180.805
23359.6
13937.9
804.945
573.214
6849.89
30949.1
1377.57
406.364
24647.9
18497.4
1317.97
852.907
282.695
810.775
758.766
554.375
3500.7
52978.4
4735.91
160.67
16531
1439.07
357.756
320.493
23486.6
823.062
421.866
189.166
990.809
21765.2
184.531
2936.35
23143.4
432.584
613.062
1479.73
1425.71
1622.25
433.943
15155.2
19699
617.771
280.051
6906.52
4942.7
6642.81
2406.68
3078.06
1165.39
55618.4
24139.5
30571.9
15972.4
15921.5
2608.37
415.094
7760.74
858.207
319.553
1162.74
583.402
1888.86
241.397
1968.71
1082.6
2332.89
18926.1
1301.46
2216.81
343.228
830.684
34596.1
27658.7
54058.8
16310.6
35595.2
1588.93
1656.2
32149.4
1705.42
397.313
2704.81
1123.35
248.93
608.198
60880.3
4130.74
394.618
1009.32
7917.1
8310.08
384.008
511.025
1136.71
577.861
604.606
8554.5
8730.9
3482.33
71089.4
566.449
794.06
3320.15
7263.99
1605.85
794.641
9956.41
2007.08
608.13
170.542
1397.18
264.865
50824.6
1474.88
199.85
156.617
724.515
1678.24
11265.2
46877.6
12976.5
6191.93
2061.59
3088.07
23722.5
4083.68
258.873
440.553
8998.23
3612.87
3183.81
7311.66
968.616
10743.2
4363.1
6450.3
47716.5
6554.59
4220.43
55789.9
6190.25
842.624
20792.2
377.763
5415.95
1405.64
3234.39
5886.55
3134.4
5891.22
204.551
62889.3
10039.3
819.63
8725.19
3656.1
674.753
1028.35
76481.4
12079.5
706.932
2786.88
11023.8
1879.8
820.203
2973.79
29233.7
12447.1
330.202
262.373
7119.84
46600.6
8962.28
1358.08
954.918
693.953
3172.56
535.266
3437.89
22282.7
822.384
15990
64619.7
6132.47
3301.13
100.409
1492.88
4794.77
2984.05
2297.99
7736.81
34217.1
4588.59
7428.34
960.219
540.12
21457.8
10889.1
226.97
6226.02
1196.19
807.14
790.528
610.717
1572.47
2215.24
13177.6
109.735
4767.17
489.371
8107.24
9269.67
1299.41
2641.55
13144.1
528.564
7930.53
994.721
4973.3
4120.05
846.404
314.111
17829.7
1207.31
9640.62
1729.22
784.491
3653.15
2217.8
367.141
857.171
12623.8
4466.86
3515.6
394.408
1524.85
3843.89
26536.6
25332.5
165.585
957.698
613.844
603.829
1140.68
1037.43
26253.9
1366.44
22009.4
11139
538.39
9543.4
927.163
6354.42
12280.2
1184.29
2091.57
2146.08
698.182
17547.4
1827.64
1025.56
2281.09
8251.28
7840.33
1701.35
2296.74
79701.2
1186.07
7883.48
8672.38
4947.57
2752.45
6385.52
1443.45
252.659
6422.76
43601.5
10548.9
6272.43
421.763
838.181
555.873
42654.9
395.684
360.072
198.175
24599.4
4136.22
2285.43
9692.07
225.33
850.435
2637.36
2525.38
1160.86
54907.1
1302.26
707.952
7086.86
570.482
574.295
11791.7
9498.41
5074.71
1612.34
9239.08
27045.5
994.473
13471.7
42441.2
27226.8
3691.1
20361.3
1467.72
19999.8
5090.73
3091.78
3664.17
1160.48
321.942
20724.6
565.951
27807
342.726
13765.2
34992.7
876.251
1127.57
3763.17
545.856
3168.38
11255.2
66.9464
985.353
3657.06
1267.96
253.354
2279.69
13286.3
3553.07
45860.8
679.755
522
1288.96
3053.68
29528.3
28639
959.951
1688.48
7950.08
259.165
8803.72
303.129
1583.69
3983.58
23452.1
17464.1
143.058
36111
9223.53
1604.83
7371.87
6579.09
2780.5
2247.94
3152.81
1402.44
699.251
665.53
2447.88
563.518
9248.46
9746.65
47528.5
610.422
1193.2
545.773
31109.3
2500.6
2226.63
1061.53
22044.3
296.814
3649.93
34895.1
16498.9
4626.24
16401.7
462.685
14148.5
1444.51
39515.5
505.228
73.2767
3131.42
1011.17
643.99
842.724
585.171
712.388
1828.53
3967.55
41470.4
392.854
989.162
10889.8
2197.33
2049.07
841.777
484.566
9495.83
13661.2
12348.6
33624.4
25408.9
29854.4
1180.08
5518.04
581.992
1812.43
1479.78
623.947
562.167
12354.2
1015.69
2870.05
7630.48
3588.93
633.17
6620.4
12118.5
2794.24
5280.18
238.291
776.826
775.908
2617.58
46115.7
860.399
1333.95
914.677
76048.4
444.318
1290.88
17746.1
1746.17
309.258
31659.6
24627.8
358.544
1043.15
18865.6
2691.84
17695.9
2929.1
1610.63
17360.7
1215.8
1889.64
32758.1
456.239
1922.84
63226.1
6055.38
7520.81
10484.4
59201.4
760.558
2496.79
1612.12
2283.77
437.193
4454.97
591.269
2775.27
425.93
252.317
707.39
17019.1
9485.47
497.861
232.99
42564.1
13731.8
2176.06
3930.97
38731.4
3343.04
5563.91
70401.3
4509.59
13871.2
754.512
3406.07
7539.03
20145.1
45070.6
83130.1
1182.31
23449
401.364
4358.21
1148.39
2616.21
713.705
1219.8
27204.6
4434.06
82549.5
17800.2
711.946
32474.6
234.952
5450.41
15363.7
1078.73
10840.9
35297.6
7787.87
749.51
1688
1160.97
2963.39
317.742
4170.51
1108.34
2957.31
780.298
23123.3
7287.06
2114.28
2844.41
5607.06
601.012
589.744
9251.05
3508.82
10148.6
1551.4
2168.17
3963.84
10073.7
650.925
3403.22
316.562
7237.77
2859.02
2356.22
1195.46
1582.61
363.541
11861.9
4106.47
88.5482
455.855
11676
17824.7
10298.2
1174.59
3090.74
3662.16
1469.15
2793.34
3653.5
1893.2
30857.8
1744.29
410.389
584.388
1813.69
27100.7
2490.75
839.078
1156.98
49118
232.82
5220.17
95.7404
251.993
29436.9
32865.6
1156.26
4918.15
2227.8
23399.5
303.021
553.113
3976.8
801.16
349.173
905.329
17300.6
678.238
484.073
4042.8
741.057
1166.43
319.277
460.89
755.721
855.689
416.787
235.646
2853.1
12956.1
211.818
2486.39
11716.5
360.717
8895.86
42311.9
1671.25
20463.8
2011.83
755.994
29691.3
1213
152.875
225.72
7527.06
42534.3
2098.76
2036.01
1293.58
775.456
1894.62
234.531
893.848
815.345
24565.2
1343.46
15177.2
823.409
2050.16
26174.2
892.344
3022.73
3934.45
1584.7
690.631
2921.52
529.585
3256.89
3001.95
12984.9
26761.4
40600.1
3793.31
2226.32
3547.4
15652.4
3519.86
3028.07
805.579
3497.67
12745.7
336.336
6775.15
1530.23
10507.5
38935.5
4585.84
12313.6
432.039
17482.1
3390.19
277.221
1223.31
3479.66
1360.5
2116.08
46508.6
2246.31
2765.23
18349.9
4002.81
5854.12
2337.92
4997.98
22242.2
800.348
17742.7
2726.21
41532.3
1578.77
783.604
2941.55
1712.18
1548.85
45023
4255.43
398.946
444.047
3300.38
3425.83
223.836
11427.8
5949.46
217.124
1975.75
1735.37
270.033
3868.27
297.445
432.402
784.3
656.556
2260.3
344.091
560.537
695.244
3904.67
4642.63
1207.67
638.619
2101.88
4176.02
206.861
298.153
327.793
563.985
432.895
15094.8
776.343
5374.69
3299.53
2479.15
391.878
5287.39
3035.87
8742.96
18005.2
3158.03
962.065
3970.14
300.292
9305.52
145.353
622.618
1106.67
12650.9
1119.78
1027.28
11478.3
51253.3
1306.67
84993.1
695.302
11576.2
5336.83
13655
16755.1
260.454
12721.9
223.253
78775.7
52203.2
775.631
959.415
3128.89
190.79
5010.63
7888.98
1051.47
79108
1639.73
4248.24
2052.63
5623.12
333.165
1996.71
1222.79
825.448
478.3
1564.19
46987.4
552.72
9061.08
44972.6
661.938
8424.15
1924.34
21728.9
6804.36
2308.65
5091.69
372.299
2425.08
26006
8296.59
29829.5
1029.36
644.25
6400.94
2281.89
12049.5
23309.9
15044.6
612.53
862.487
1546.34
10105.6
377.147
1799.89
21794.9
22738.1
710.436
339.906
11894.1
23249.7
1275.45
9340.25
1165.91
160.42
1435.64
2385.73
2508.12
31226.9
94.8015
255.514
6252.43
7071.23
45284.4
664.936
1138.78
16807.8
568.359
2027.72
68739.4
1441.45
12354
30854.8
4104.79
3449.48
2076.24
395.072
39992.1
5515.68
13314.5
976.074
12581.4
763.216
34644
1212.47
405.879
8885.72
23053.2
50570.2
58738.7
18635.6
7153.4
9018.84
23010.8
20050.2
33076.3
6511.88
421.029
295.904
3363.26
1474.55
37363.4
33522.1
1663.8
31326
303.707
22895.7
789.64
974.642
3656.27
10285.8
1153.04
472.224
45847
2477.12
1491.7
1176.82
901.896
20075.9
757.725
671.275
267.931
1880.69
874.22
33251
765.039
2386.67
343.767
192.251
2012.75
2076.3
4676.64
3495.23
1803.15
3867.2
2341.6
21378.9
1402.38
912.504
3731.18
179.401
682.84
503.002
317.377
496.379
3986.92
323.377
681.526
408.427
1961.5
32983.1
454.495
1665.76
340.47
1615.9
1770.75
37344.5
6014.5
2066.89
1852.21
78342.2
666.252
1324.55
546.129
5701.32
616.259
12968.2
1384.15
10567.6
4865.4
970.269
35346.5
11753.1
217.318
55373.1
249.14
36907
1880.51
33559.6
8845.28
798.239
1148.35
2715.94
576.271
1253.49
5400.83
1207.7
397.512
6434.97
2082.93
193.948
33774.3
1162.91
1044.52
19821
32365.7
37338.7
2867.06
1377.49
22856.2
648.152
318.071
2969.04
1762.99
793.517
218.949
15167.2
1406.6
11676.4
3922.44
4029.55
6829.39
779.292
3950.73
24336.9
40889.5
3778.66
161.544
375.923
7961.09
1163.13
438.41
9695.81
881.82
38267.5
5026.99
2567.61
4138.47
547.378
10792.1
8903.87
1932.08
13852.2
5194.35
3846.3
25385
2820.68
1174.13
2197.03
632.186
1075.44
38403
19744.6
522.696
5105.19
60152.2
3592.22
490.556
2131.7
17314.8
5764.53
15881.8
24830
9408.09
226.166
193.436
6750.45
1948.69
505.72
348.75
2192.73
1885.99
24700.9
11792.3
796.208
827.259
269.191
107.423
412.075
1739.07
11079.5
18786
175.572
5451.77
227.098
767.225
1056.76
618.914
5136.98
396.025
7009.54
40177.5
2547.53
459.822
5727.86
10676.5
335.602
7025.02
615.591
28436
8270.94
490.722
1254.37
1470.26
3049.41
564.022
2160.34
38215.3
21466.4
833.423
3191.59
922.298
4174.21
18230.5
59816.2
1771.59
375.751
2146.84
9927.53
1225.79
3666.87
52755.8
14915.8
10000.5
814.996
8559.67
741.408
4065.69
21278.6
9901.65
5512.61
1991.89
299.909
9325.46
69832.4
715.455
1731.94
2016.59
538.918
18058.7
516.491
356.072
610.553
337.704
1768.14
2017.25
2446.05
1377.36
242.461
926.517
6882.33
3493.22
9993.13
46371.8
3031
664.505
293.635
1505.36
155.318
33829.1
702.927
1620.04
1849.53
1408.53
8554.25
2197.32
996.763
704.295
125537
1225.9
1565.39
131.449
681.674
38366.6
1881.51
247.646
18812.9
2291.76
393.776
145.138
3146.68
1796.19
326.503
1674.23
1400.05
9912.52
16686.9
1697.28
985.382
5850.25
18494.1
796.261
5304.94
421.149
4627.27
1414.66
29190.7
6200.4
5031.42
833.298
11679.1
5904
915.783
26424.6
23269.6
1981.26
12851.9
214.777
739.532
88942.3
339.257
317.413
12792.5
127.924
5710.28
44086.4
7035.2
475.143
323.25
351.918
517.125
5657.31
28635.8
614.512
157.035
5522.02
85.8202
2728.28
5515.63
2590.33
9945.69
33133
10832.1
24207
131.555
17591.7
14847.2
1363.28
135.559
28149.9
1445.29
22775.8
2240.93
376.802
3049.93
1168.23
3141.3
417.67
6103.92
8572.09
934.814
1187.61
7273.42
752.69
8516.2
15590.1
677.186
10148.6
820.559
413.797
24219.1
3028.31
2881.49
1305.67
1429.41
627.601
6350.11
4922.85
12205.4
6914.16
237.273
571.135
616.161
1367.36
402.108
1124.84
4313.17
1200.47
24425.5
5228.68
8727.45
485.534
11061.1
241.659
2381.11
22242.4
1554.66
451.139
248.422
19448.9
7775.64
1361.7
655.197
54910.9
493.679
65841.9
492.737
337.888
10014.7
1012.73
1021.74
181.39
13348.4
462.833
877.763
10114.6
842.273
1690.14
23404.1
931.539
704.169
238.707
5654.58
27660.2
1394.13
508.169
26279.4
1052.02
23603.6
911.556
16308.1
385.111
55892.2
17361.2
26487.4
3013.18
553.959
310.401
440.314
96934.7
267.732
3186.84
2594.75
8990.74
1080.57
196.88
3043.26
23843
184.5
788.088
345.497
362.521
511.059
1638.25
1664.27
871.036
1257.88
4223.45
930.504
28293.9
235.408
6002.05
3643.83
1119.4
41621.3
28981
856.923
392.806
10047.8
847.08
50523.1
4020.43
4306.83
15434.7
17771.1
7924.17
1779.63
11013.2
1887.57
1525.62
1321.16
346.347
1357.68
2163.47
246.487
5390.41
1347.1
389.958
733.934
1736.79
7913.75
21170.3
961.22
12245.9
350.553
34957.4
24880.7
695.312
493.346
2196.56
6144.77
2055.17
15544.7
3114.98
496.37
8326.55
22782.9
718.037
1564.66
36692
1344.81
4273.61
34822.6
760.745
871.402
27101.1
3528.11
1563.23
25297.7
23141.8
19129.2
624.209
332.687
23307.4
11412.8
418.538
613.247
462.621
418.489
2539.05
502.555
11664
2083.36
10946
9541.67
541.727
307.901
477.433
302.202
752.408
194.256
366.646
164.669
853.497
56493.5
2982.62
664.004
12045.1
5385.72
1565.97
5842.27
14321.6
1681.91
45290.7
391.561
28025.3
1124.38
31287.7
746.466
535.771
4122.78
203.012
361.942
40831.1
2814.77
480.714
1423.54
1208.92
5957.79
893.427
20760.3
57576.1
32151
7422
18467
4403.71
885.009
249.177
1581.05
486.397
1577.24
336.287
5507.87
1428.62
583.798
11226.9
482.208
511.205
37430.1
43367
312.104
4209.23
5038.96
5009.47
10839
30966.8
4287.96
740.388
22346.8
1161.99
619.728
213.365
14167.5
7586.62
14576.1
2726.22
4440.82
4556.51
12293.8
6636.19
499.618
1555.47
1125.62
6223.72
1631.54
224.879
10498.4
217.294
605.83
31257.6
1455.85
395.239
46999.2
1096.86
421.08
398.243
142.535
47820.6
21115.2
2413.88
370.048
11883.9
3491.74
52578.5
2845.62
1211.25
13976.8
2475.49
4760.22
5621.47
712.116
16762.5
2760.69
18007.3
393.389
10282.4
755.455
24447.5
41190.5
330.513
7434.39
95648.4
569.481
1316.94
1155.46
4233.96
7108.91
1233.78
314.46
421.344
148.78
5232.95
9371.99
1082.68
561.816
12017.9
48911.7
542.848
1449.34
88285.7
1371.39
37349.9
3221.27
22815.3
2017.9
9874.63
3507.94
58539.7
378.728
4494.51
8439.08
423.05
1536.21
2818.24
2762.26
146.074
26863.1
519.335
589.375
19464.9
21935.6
43707
4629.18
2615.07
30005
4211.56
22317.9
550.993
5006.27
558.57
51139
5797.17
16773
345.786
897.956
4646.84
163.001
7215.01
3683.06
36137.4
591.025
11696.9
414.905
449.232
59381.5
453.71
529.321
1098.88
1969.68
425.343
397.663
2202.01
5476.15
23023.6
208.239
25779.2
2149.75
268.381
520.187
25208.1
780.469
889.725
2160.45
413.506
14198.9
1393.17
532.356
18638.1
4365.26
219.544
1020.96
719.768
1134.46
3631.05
779.748
679.964
58257.9
31092.7
33250.6
53438.6
8660.12
1767.05
2954.33
14167.2
658.867
403.249
389.065
4907.9
3869.32
443.809
899.571
1541.34
722.499
48099.9
742.755
6490.61
8655.77
192.388
597.13
318.64
63254.1
106.317
4457.52
9706.26
6963.5
2279.98
689.586
555.166
33516.4
33347.8
4930.07
2124.86
62941.2
5516.15
16266.4
446.221
8268.76
6743.27
2232.29
1476.29
583.424
425.007
31568.8
9476.54
2620.03
18048.8
9067.78
1210.23
1837.46
1071.25
827.855
418.697
45421.1
364.684
881.999
2819.98
30856.5
9730.28
884.071
2700.83
875.674
1078.05
5072.12
7233.24
203.552
76702.2
457.215
6109.76
4439.1
37900.5
358.781
761.848
1158.11
18204.1
863.899
59330.7
229.771
57400.8
9498.35
3095.77
8565.93
26871
1617.04
742.74
2229.32
5463.05
3091.89
10992.7
5302.76
33195
34086.8
644.991
1940.31
7598.58
579.007
616.375
989.798
13275.9
523.719
1535.79
5196.77
1114.84
265.293
20621.2
28116.9
687.156
2943.81
40458.7
2482.01
27087.1
835.8
559.173
1135.59
1308.1
91422.1
256.315
3391.65
3961.49
235.184
33826.4
19249.7
1306.07
22308.7
9297.53
10532.1
1083.84
5946.74
7685.82
7576.75
386.787
20715.2
6362.29
780.39
716.158
413.356
683.663
265.522
1312.8
26884.8
1880.44
468.327
303.849
20716.9
1462.89
479.734
19749.1
591.469
1197.57
2380.57
22468.2
262.275
2209.53
882.064
1541.05
11001.1
2148.98
869.943
45387.6
3020.47
1388.86
2610.58
510.117
1337.53
1549.37
1003.92
3101.67
511.477
2975.94
843.801
927.468
2097.89
873.082
606.338
374.71
219.841
297.512
548.972
11741
568.508
204.635
639.541
925.39
38435
6051.41
1604.79
1258.05
24197.7
34433.1
4461.76
213.597
43394.7
3795.58
318.699
458.776
7865.03
651.623
1292.8
51904.8
10454
2536.57
27959.9
7239.12
19921.6
990.599
187.617
2949.71
49228.3
43227.9
22138.5
7267.36
16345.9
3398.24
4596.35
1821.24
528.479
4512.74
407.556
2207.14
7081.67
36559.8
46313.8
196.242
30101.7
1304.25
15139.1
628.306
295.5
31513
8159.26
152.821
960.38
2322.11
29773.8
1787.61
1527.08
644.212
9314.57
40229
11280
520.616
139.213
1488.4
1529.79
628.067
378.478
494.482
72910.9
7755.15
8075.6
10016.8
1977.66
10428.1
1705.83
10690.7
3870.35
26268.7
2231.76
624.762
970.168
3839.45
6083.82
274.578
883.138
10750.6
8533.36
533.92
538.383
23991.5
55499.8
35377.6
17985.1
4931.82
24429.2
743.173
3892.19
12725.1
343.211
35330.8
273.358
2865.42
402.211
10005.6
2390.18
5841.74
28908.6
15540.2
627.773
3751.96
707.735
6393.42
572.291
10063.2
299.354
16079.8
3524.94
3485.9
15834.9
565.935
50625.5
1972.06
223.422
6035.04
2669.33
1489.68
41829.8
27475.2
189.771
2952.11
274.346
1602.57
551.446
12215.9
1614.15
245.379
1859.72
27072
46051
16736.4
164.474
1344.76
10764.5
2402.74
495.945
325.447
15874.6
31059.5
369.461
957.966
4264.52
14534
6001.08
202.669
22695.4
184.129
2294.08
1677.24
989.396
247.235
1673.17
1163.95
383.527
70621
670.527
5640.91
60197.4
1689.48
54294
428.698
18166.8
770.65
32377.3
2852.43
2420.65
1584.74
4325.33
492.372
27120.4
672.297
101001
3709.73
26074.7
1395.71
40304.9
2397.12
12270.7
4117.96
886.181
29139.4
2885.41
1684.32
992.852
67047.7
1108.06
8714.1
598.43
8762.03
591.193
514.069
4779.4
760.119
1247.08
25393.5
3241.7
990.124
9809.02
1211.13
324.171
1332.44
44165.7
242.459
54242.3
3762.77
23870.1
2563.81
1025.01
318.858
532.568
3621.46
19819
805.335
9246.58
736.618
81697.8
376.298
1366.65
24389
23516.7
425.198
1645.89
953.665
379.467
4370.72
26149.6
4589.98
1520.16
484.975
1502.17
1054.54
1223.44
416.648
922.158
622.864
4214.19
2504.33
4455.91
9053.67
7585
5283.24
28695.4
1680.93
214.026
1220.01
5976.7
981.923
526.367
6358.52
2180.24
1855.04
46356.1
1744.59
70452.9
25463.2
12338.4
11758.7
4497.12
315.882
2862.68
5305.99
20143.1
32126.4
328.922
4361.06
524.778
2356.37
4738.7
1967.66
20652.3
1184.25
1440.16
3846.38
2703.76
240.689
15193.5
2238.36
2636.02
1317.03
846.356
75474.1
3555.71
628.605
121.094
1395.77
504.087
642.086
516.825
3022.59
27572.4
459.247
871.425
1237.61
15421.3
25910.8
53915.1
2088.46
947.87
18382.9
3059.41
618.392
6016.77
490.299
27814.2
2216.15
45782.1
6905.56
1575.75
2463.9
7066.64
878.432
1316.46
53146.5
687.374
1626.65
895.105
31982
369.069
482.626
211.912
2273.73
211.712
5019.74
309.379
38332.6
40434
1042.64
389.001
2334.43
2914.77
1351.13
1564.85
29255.4
795.439
11198
5508.05
1493.86
15080.6
821.811
1300.77
9883.33
22089.7
4774.99
15366.1
43650
25390.8
3715.81
2853.15
220.89
3007.82
1086.34
2627.28
1136
1641.02
790.495
1587.3
513.859
1078.93
544.68
6626.15
467.911
1472.7
436.065
1823.93
34635.1
6200.22
571.235
625.683
5055.35
19334.6
473.946
9560.16
4689.32
5400.36
7990.57
713.813
7034.04
73248.6
26661.4
1674.1
180.584
1467.4
1277.7
3059.06
344.14
7451.02
1188.62
20198
221.953
322.909
19661
2499.06
28002.5
7321.45
680.744
464.37
4815
1176.73
2181.91
8165.8
4940.79
2743.96
470.157
16780.8
845.282
4272.36
331.355
6480.21
7437.08
31420.2
404.236
57875.7
4230.32
365.869
1843.41
23471.2
21794.3
14041.8
1665.48
243.258
338.442
855.576
3465.21
35198
55845.9
14182.6
15128
21570
1052.68
2061.22
803.525
223.816
25182
2202.36
298.507
24130.1
475.513
1104.57
4144.02
8851.94
338.807
441.421
17900
23240.9
2360.35
1343.22
1138.48
518.32
6310.43
10494.6
840.006
3454.33
658.244
245.439
60211.9
45231.6
30191.2
1027.53
844.785
40471.5
5157.95
1378.95
737.058
439.489
521.59
376.96
4124.21
1536.64
434.087
6089.93
14879.5
31708.3
31300.8
928.048
819.852
15725.9
324.438
9197.18
4020.93
14385.5
1389.73
8296.88
1017.59
5256.09
231.742
895.15
3629.71
661.461
25456.6
1141.13
1084.45
5924.83
6269.46
17172.6
5423.62
1158.97
508.299
14869.2
575.924
916.663
502.907
2146.27
6300.48
33609.4
2211.15
1182.6
722.965
8202.99
486.562
23964.7
33121.3
5618.82
82849.3
360.047
2709.45
3107
16272.8
3787.29
217.751
1138.84
378.774
1075.85
772.59
17431.6
74198
11908.5
25089.2
1625.03
2538.56
1078.68
5710.77
10619.3
36070.5
990.667
570.057
27481.9
36700.7
750.43
1543.17
524.349
3417.7
5377.52
2443.07
13236.1
4080.14
1504.76
3244.49
351.18
711.716
23495.3
970.936
9613.69
58797.6
476.355
2210.02
281.457
7454.59
1302.92
61998
19766.7
1206.79
9346.51
5661.8
3054.63
1885.13
113.884
747.457
9759.1
1927.39
898.982
20749.1
36104.3
19836.5
4529.86
1022.93
7533.35
22021.7
3163
929.959
2292.52
28478.1
13411.6
1269.51
1240.05
20640.4
1938.17
2443.46
2334.42
633.219
65201.8
178.009
1592.69
22370.1
912.714
726.707
2390.57
408.743
1270.89
9921.88
11061.4
325.432
1946.6
691.326
8752.5
5882.63
1901.25
22609.2
1865.6
593.831
1461.67
508.98
3894.35
1295.04
550.209
6056.68
2162.83
50208.8
30584.4
2492.1
920.831
27981.5
61488.9
42403.2
44039
1154.94
428.446
140.411
772.961
148.365
822.683
3689.88
23950.8
850.843
427.541
20915.3
2449.22
257.689
1596.52
3997.31
1395.72
234.502
856.589
976.74
1073.62
358.671
881.394
2162.96
27207.3
19377.1
831.687
4825.09
741.464
1238.63
2664.82
282.735
753.676
1722.1
2102.92
2032.15
8225.44
4149.11
9530.62
15993.9
1280.76
16909.1
3126.43
6933.48
7928.01
383.817
3239.14
5015.25
2272.59
5274.22
72263.4
663.195
9143.71
13853.4
1624
763.886
80655.5
1075.64
455.675
375.507
6518.89
79240
509.843
716.456
1013.43
9851.98
27458.3
4440.19
413.08
270.35
16455.3
1762.81
387.655
755.489
2876.54
12974.1
1329.72
2238.85
392.779
24304.7
1049.68
1219.69
4443.12
1268.24
244.766
8775.94
272.807
7896.56
534.047
23916.3
7759.8
276.541
7289.33
20123.9
278.493
3530.81
1256.47
1860.94
4527.43
31117.5
3555.68
477.806
2380.88
620.233
3158.48
8100.46
14072.1
1594.05
22904.4
5849.36
615.776
224.05
1803.99
1824.37
6677.83
759.543
577.738
47049.3
1531.91
14760.3
58841.6
2638.72
2742.31
5939.9
2527
2075.49
1128.94
137.609
50303.8
768.076
295.468
7056.52
15892.5
830.082
63895.3
26140.5
4324.8
5494.06
4082.22
433.159
979.335
12784.6
317.307
979.454
951.911
40111.2
388.855
11551.4
112592
9036.39
14794.7
578.801
15235.7
657.597
441.72
3762.12
8451
6404.88
558.485
319.578
9245.46
24281.2
1159.32
330.83
662.655
1479.17
2902.05
2116.44
1112.74
3425.26
597.795
1160.93
9830.59
1925.4
1112.84
773.771
1028.96
1733.57
2313.42
6243.03
2048.72
10517.1
57786.9
318.691
808.854
4008.02
818.032
476.76
14486.8
3976.51
2395.54
619.832
24413.7
347.581
945.6
12565.9
518.015
1181.82
174.656
5210.95
43340.1
1113.19
3774.02
1335.45
13468.8
1441.02
211.774
7139.81
32882.2
11226.5
1867.74
13335.2
2316.54
1677.82
964.521
10911.8
39210.4
2793.08
389.33
577.465
2062.12
182.441
1267.52
196.286
1776.17
615.261
2535.15
738.255
5952.38
968.165
2445.63
904.939
2710.42
164.98
328.779
1659.65
104.731
743.527
2305.53
11928.1
6865.34
11829.3
201.698
10033.1
3201.68
840.733
450.696
716.481
406.938
755.849
682.304
6766.88
302.37
241.284
223.613
1822.96
3037.5
448.34
6846.83
7630.03
3869.2
687.637
1578.21
5425.5
1800.2
2498.84
56298.5
2702.83
468.913
1102.55
2911.42
1821.93
2379.16
2880.04
6320.02
13016.8
1232.02
1155.7
3483.39
21519.5
3996.87
703.502
20474.8
798.662
61082.9
646.123
35494.3
158.649
21594.8
5431.57
3580.94
1534.01
15079.4
49234.2
22651.3
1517.6
44.6019
5148.09
1530.92
761.738
741.358
708.327
3879.79
229.815
29900.1
995.753
5800.64
4927
945.502
7853.51
1014.99
945.065
39089.4
9656.4
3151.85
8291.21
217.264
740.143
42875
1393.69
956.277
4072.29
1382.06
379.269
251.876
24031.9
51627.9
689.6
3100.36
39170.6
30551.7
598.254
4976.85
148.463
20577.2
22201.3
7555.37
9524.14
49677.4
587.3
23861.1
27270.3
9203.37
3492.71
1348.2
1871.76
429.36
1685.11
724.663
41729.5
21139.9
58687.3
1136.85
3579.57
2531.5
553.769
6814.73
1402.89
2364.03
19731
1806.72
6553.1
6798.27
799.227
515.813
54172.6
760.361
3241.37
2011.57
1591.73
3290.25
18604.7
2296.47
9436.28
7992.09
806.168
682.247
942.268
242.681
2257.13
73043.7
18824.9
583.956
1011.03
7759.98
1224.88
6455.64
2497.51
20194.8
5446.94
1084.08
6419.22
314.073
5470.54
482.708
4392.51
2196.77
2701.92
2048.44
1287.63
4458.28
1004.62
988.298
38869.1
498.414
54023.7
2163.54
2070.97
2488.32
28359.7
43801.1
1676.42
257.124
1324.77
533.143
55503.2
36773.7
664.772
380.744
27592.1
6382.65
1020.82
4513.92
2776.01
4348.3
330.369
15109
5186.42
1892.64
18658.2
10223.3
828.672
1790.07
780.338
4241.76
3310.25
14565.1
18677.9
25263.4
1307.46
1117.08
3051.88
3141.35
1568.2
43591.7
414.99
6791.91
179.49
3063.19
4942.28
602.283
407.477
463.99
1338.97
53824.7
787.296
958.614
1428.38
1820.56
24918.5
750.516
3361.61
2809.92
7443.67
603.886
681.827
816.371
2443.07
53799.4
318.857
39386.1
833.98
373.381
1324.83
620.028
10200.4
2378.67
2493.72
2349.03
3576.76
24082.2
390.51
3362.13
716.584
2271.73
1348.03
6043.13
26124.1
391.211
655.762
10558.4
232.8
253.394
1270.01
4866.95
16726.9
2073.65
602.472
1111.26
1687.68
19639
14888
17656.6
660.178
5235.34
929.317
7345.26
9511.78
1987.35
1468.88
3678.33
73187.8
208.593
530.429
3538.32
427.058
30573.5
97.8339
154.076
1331.78
359.287
4051.65
472.647
843.939
16014.4
1972.41
4110.18
1818.09
14446.5
252.035
14556.9
336.743
835.105
4840.82
1905.08
568.487
324.137
55616.5
1391.54
9368.24
729.669
6815.72
17943.7
982.343
32906.4
5504.18
365.174
10754.7
612.018
4790.83
18259.8
2546.38
4714.98
11837.5
181.356
127.737
7210.62
69963.3
51493.8
40894.2
33062.6
3210.48
42431.9
1116.42
12600.2
695.27
19917.6
2356.61
3517.37
2795.33
36143.7
849.672
5030.01
5809.51
511.361
5862.12
1142.98
13873.4
1004.26
33807.2
1582.4
394.202
19498.4
679.459
24489.7
313.629
3170.81
14668.3
522.972
275.624
175334
2970.69
21310.1
3097.57
10460.5
811.736
11670.7
16282.9
6377.49
50505.8
2052.92
2615.12
3890.05
389.505
6353.03
502.487
10830.2
37991.4
37542.6
7951.12
7295.59
25645
198.118
4025.55
110.894
467.395
757.024
851.866
5593.4
284.284
778.889
59884.7
1287.69
20929.7
25256.9
13593.3
6117.25
9409.47
7671.34
3104.21
39015.1
878.283
336.395
431.916
929.031
6200.69
610.868
4626.19
7786
404.409
515.154
1750.74
2747.29
486.815
8036.84
226.54
4975.35
2693.97
9226.01
1339.16
211.047
2942.33
4691.46
1591.44
718.206
29280.7
2903.49
23295.8
195.697
28049
522.946
14974.2
5674.12
8982.93
3193.42
7960.47
907.11
5437.02
2672.69
12135.2
3435.78
396.419
23980.5
5677.73
3287.78
10386.7
5113.82
517.717
1478.58
634.064
650.828
5138.04
14409.3
14051.1
1683.66
662.165
21940.9
3543.01
910.8
662.259
886.101
4578.23
664.691
1666.41
13316.8
20102.1
4993.34
425.354
1793.62
8649.38
172.006
20262.8
62322.1
5955.6
31811.1
40946.3
47772.2
14630.3
574.681
20140.6
10976.1
5255.85
474.71
12315.3
10554
395.359
11527.8
3372.79
2548.88
52878.9
559.961
1308.34
2707.77
447.153
4254.48
54348.7
4516.38
42746.6
255.166
3265.88
3807.15
1439.11
390.283
26116.3
1396.77
731.053
211.336
204.979
489.47
11863.2
2998.22
22258.5
1443.11
3041.5
23925
114027
2637.3
4216.36
20120.8
2842.43
192.569
82179.1
358.534
13422.2
280.436
17557.7
2822.4
11271.9
189.963
21160.3
326.572
30736.6
358.386
24229
25154.6
2673.56
199.793
3850.18
14593.7
3380.61
3297.77
16082.4
12071.2
1800.44
364.967
511.517
14766.3
676.693
4598.46
4512.34
817.666
600.744
2702.22
304.583
175.05
328.177
446.048
834.099
763.248
45924.5
1410.66
339.717
1617.19
2901.64
5189.82
32075.4
4682.78
234.733
4927.96
1877.9
5775.32
327.194
1945.56
390.229
1062.22
46485.9
721.893
12971.1
8812.62
1179.26
24000.5
13591.9
7068.11
450.243
3360.3
1411.47
911.178
2179.95
8608.82
2361.59
757.22
23180.1
1321.33
450.043
14949.3
819.859
15903.1
1767.28
14954.2
532.809
216.144
2702.52
6249.46
556.23
2553.52
40222.2
4045.63
1432.59
449.513
1839.03
32165.8
12448.2
19476.3
394.086
1844.76
2035.52
4049.21
1382.29
4388.29
1580.7
92.2982
7833.93
448.275
1415.52
24986
4571.1
3904.06
509.707
208.166
1641.48
8231.25
315.34
4838.46
7601.81
667.96
479.1
9297
12260.1
4390.73
1153.56
2115.28
11370
397.333
7714.9
370.243
1018.95
15922.4
2213.89
34165.2
4099.36
360.55
46205.2
49410.2
13182.8
373.157
7520.31
1896.65
3295.48
138.042
53803.8
1604.57
2059.64
39025.2
1910.82
8308.97
1335.81
4034.93
2030.73
324.884
9927.37
908.025
1416.06
88885.1
3389.54
352.426
409.399
2614.1
309.974
5925.28
12477
20407.5
223.833
1529.38
1131.19
3567.53
4932.12
536.935
2912.57
698.141
4118.49
3333.68
2589.39
17927.6
1594.26
6020.28
4935.8
1788.79
7453.84
5309.97
701.362
9050.23
664.194
427.549
2561.84
287.269
925.212
109.993
563.968
1705.45
2565.94
221.358
1336.79
13296.4
6370.98
2423.05
2594.58
625.455
2497.1
817.873
13276.4
13732.1
8823.34
26242.7
895.021
975.882
598.751
25288.7
1095.17
817.281
27283.7
726.512
1701.98
3648.26
641.662
960.938
834.624
11505.8
830.584
36943.7
1813.1
20526.1
2285.69
5456.52
3443
1330.28
416.338
8760.19
6287.15
4900.23
2453.09
378.293
171.806
952.448
655.22
707.611
68790.4
6207.37
198.133
3333.05
212.053
918.543
986.511
1086.67
1351.95
893.034
3574.28
20557.3
1477.53
536.305
19249
1697.81
10543.2
2152.06
780.772
7199.98
12710.4
5154.05
423.598
353.099
1513.28
11388.5
3594.83
23762.7
730.992
42043.5
1189.35
387.682
673.215
49940.3
3828.47
5977.06
1098.01
3059.02
377.021
546.923
4953.73
631.212
1379.06
28781.1
35683.5
808.823
27300.1
32466.2
181.72
820.659
1761.82
1121.26
39323.4
744.377
22979.2
1398.47
1103.95
579.601
11233.3
23340.9
2800.84
7108.33
1385.06
11792.4
63629
6935.02
7543.95
1198.12
1145.81
7939.04
8546.89
536.732
771.794
22262.6
480.21
1423.43
7604.68
1367.15
49478.8
56757.1
375.071
1140.44
2154.44
3516.89
17232.4
743.832
1710.05
388.063
42535.5
1906.31
8415.97
30062.8
5638.22
1972.76
992.801
4502.65
20911.4
2415.03
14024.3
19172
40622
3566.4
232.937
814.592
277.647
211.514
1490.39
1049.25
463.509
3902.26
10572.7
292.102
11178.4
1781.56
10215.2
37638.7
677.731
2761.94
650.346
7739.21
19121.4
1166.58
657.86
610.739
1099.42
10434.9
1478.06
9416.74
817.58
21645
17186.2
1902.26
1130.53
1017.26
1920.01
146.359
395.778
32856.6
3740.5
1310.46
622.63
130.575
60127.4
1060.27
6031.12
253.931
10981.1
416.77
21681.1
1949.06
347.654
39097.4
723.625
366.356
6121.55
2409.46
2181.14
24935.8
16137.4
2124.19
351.332
28382.5
235.122
469.512
11462.4
377.638
2207.17
4039.37
206.175
1808.11
618.772
2271.03
549.915
1113.57
670.058
8919.9
429.005
10484.1
307.27
4290.05
7352.28
548.886
3714.59
12431.4
7258.9
35170.5
3598.84
2341.08
8179.9
3200.07
616.187
16529.2
1079.42
3383.18
3177.17
320.456
9824.04
1040.75
2515.65
416.013
2459.59
635.801
18057.1
15827.5
585.544
35478.6
57090.3
1708.67
370.803
1623.61
3387.39
62945.7
14173.6
34193.7
12698.5
437.728
3144.98
1157.25
30582.5
10967.5
1864.39
1824.87
2898.87
1566.75
9539.67
41312.4
1405.74
1376.77
42283.5
6811.93
1279.28
307.415
1409.25
617.03
4407.61
1769.47
1605.05
1483.96
10060.7
9819.99
7485.63
3123.68
545.046
128.034
1385.82
7934.41
4481.69
48559.8
19119.1
390.555
11798.8
295.376
4324.68
164.657
825.812
1112.95
1154.96
19887.2
17108.5
911.59
291.447
19829.4
2541.82
243.111
552.837
13252.6
718.468
219.094
2602.54
1811.53
1389.38
2034.59
2135.36
15494.2
21846.7
9196.03
60646.3
27597.7
784.147
8050.66
32740.2
116.294
3572.57
4795.45
20840.2
3844.25
3176.07
2715.57
53951.8
18941.8
710.91
60229.3
9517.24
9974.45
725.624
1342.46
945.245
23973.4
980.77
9051.43
27608.8
1044.42
1305.34
1111.2
44349
497.939
1200.85
902.843
7772.6
1366.74
22897.9
616.509
13422.3
11636.8
24001.9
3549.78
5520.35
33469.2
3299.64
21773
3473.25
12869.8
1920.04
1988.9
1073.02
1353.09
5436.92
1937.11
7863.89
706.038
2381.99
926.331
838.089
698.736
7905.84
488.901
15722.8
1057.07
240.757
88223.2
682.619
165.361
4584.36
497.072
11500
1135.78
4580.51
2003.17
19910.2
222.083
3447.67
24414.5
806.718
162.981
490.633
2510.57
2301.07
331.294
24447.7
18410.1
13012.3
608.532
420.031
2681.47
7483.68
882.981
3012.99
11758.8
2371.08
5624.27
17705.9
3661.67
601.356
2954.6
17264.5
104459
35192.6
1377.72
6598.5
3914.35
690.603
11745.1
6609.67
219.447
9979.39
3254.09
1631.83
10865.5
14412
2257.27
401.62
3771.7
26225.1
2321.03
764.705
19079.4
2481.58
974.543
37428.4
5732.98
3568.07
4941.34
194.976
3093.65
928.343
6233.7
3678.54
133.455
1600.68
86233
22875
4499.62
448.657
53028.2
32701.9
9690.77
35244.1
462.377
3939.25
520.297
7051.44
374.394
1082.67
681.665
1983.77
103915
11177.3
26596.4
22238.2
1346.18
23759.6
1705.47
807.961
23547.7
968.199
377.289
329.277
237.129
8043.8
539.581
579.076
4912.09
1471.13
10218.6
1596.2
1375.42
3455.18
4590.83
3783.93
36169.4
8163.64
1519.52
70510.2
1097.25
1290.41
10619.1
36488.5
1084.61
1257.49
2857.53
653.64
6969.19
2236.3
3593.12
458.186
28843.8
666.909
4502
290.167
11524.6
919.576
71694.7
1105.82
203.667
16794.8
553.964
1366.16
1732.11
1427.14
502.102
85.4854
12572.5
1247.35
2007.38
161.271
377.214
559.432
1084.81
2229.74
3613.95
6701.73
29270.7
7861.04
582.283
14545.3
2620.95
283.285
6327.99
937.96
743.472
361.543
153.418
18766.1
1128.01
425.72
1254.18
2700.97
10852.4
33710.2
4000.71
9649.37
1054.94
1681.09
476.186
650.677
8002.55
2539.87
14513
11367.2
257.899
876.371
680.947
18161.1
1754.78
3053.04
2326.19
1961.74
2748.65
2240.01
3561.8
118.636
2727.05
1334.7
516.847
918.496
898.649
415.299
1774.22
160.425
286.736
550.199
10149.8
1169.98
2527.92
1340.32
22169.9
218.808
3590.8
1978.19
158.647
2571.93
553.255
1858.72
1151.76
2374.91
1211.18
2395.1
11923.3
16307.2
196.433
1214.04
365.744
3866.55
1965.27
1306.15
1866.84
329.517
627.764
48297.6
2175.2
378.819
32719.7
6642.49
3032
509.213
20598.4
3083.51
2055.42
2734.68
56161
1713.12
20961.1
6115.11
4240.43
695.783
2533.36
5474.6
335.079
430.579
11269.3
26754.5
12982.7
3964.11
2193.09
47105.6
709.311
5627.96
1334.2
10755.3
740.638
573.429
811.082
20323.5
16984.3
42323.2
2635.99
1035.4
3675.93
112819
33392.5
484.095
4474.44
579.047
937.37
1394.78
5517.39
18735.2
1954.4
130.718
2094.37
596.599
1124.92
30930.5
18885.5
676.582
1170.17
107.242
337.488
642.591
1232.28
639.602
586.476
1449.32
338.561
514.356
242.662
1614.88
1083.01
790.82
7534.37
744.561
3354.21
3097.14
26449.7
3100.32
149.436
1366.87
29676.1
11876.7
8937.25
1069.39
6098.65
2194.31
31877.3
1396.51
103.882
3076.92
11875.7
989.36
26470.9
7857.83
1959.44
673.173
1036.74
902.461
1421.68
35543
9702.18
5322.31
844.126
21444.1
7581.45
7631.75
338.617
9296.03
841.965
95.4118
534.712
1587.67
876.289
2424.88
1139.54
5791.34
43487.8
37100.5
1845.28
798.545
4546.71
700.389
1534.41
868.395
10708.5
759.192
4888.57
25560.5
713.85
3354.02
226.081
15647
1972.11
396.599
6105.8
600.096
16938.8
1259.03
1762.26
34204.6
255.271
1394.3
943.033
7723.73
3424.71
29870.7
2627.5
17114.5
5856.05
5722.21
2472.43
47736.8
161.923
837.644
853.417
1238.04
43593.8
1429.59
2516.29
23581
1453.87
509.302
1137.07
1539.4
3086.5
6216.91
4810.68
358.702
1147.92
672.229
583.306
291.207
19003.1
14901.9
295.861
828.47
400.214
235.402
21278.5
1416.37
1403.37
1308.04
444.165
13642.8
918.044
243.869
1365.12
4649.76
25425
3207.04
9269.41
120625
1050.17
8319.15
326.96
5504.61
2278.78
44361.4
12627.3
13292.5
14182.1
1519.42
6176.69
2720.11
217.548
1763.95
445.138
12265.4
1535.74
638.431
641.689
1547.02
12064.9
3067.31
454.483
487.664
16742.1
31434.3
22549.5
612.825
1717.53
1155
692.474
4654.43
713.385
677.527
1431.67
709.839
4187.76
2332.41
2888.65
308.572
969.637
1667.3
48254.2
417.058
520.104
144.232
1771.47
1437.46
5752.04
634.956
212.628
2482.94
23311.5
6101.8
3311.34
41716.9
3491.39
196.068
11062.3
17396.1
16681.8
226.122
1558.57
5268.91
202.073
23956.7
1401.07
5304.49
3061.16
358.553
126.054
294.882
225.498
448.304
681.963
6360.39
187.833
3045.93
484.268
118.071
2995.38
463.272
122.216
11454.9
16937.1
7070.79
1383.92
737.316
511.325
121.662
26956.1
813.931
2760.3
821.548
1644.82
60869.9
32820.4
2845.02
1285.53
5288.8
27354.6
3192.13
12062.1
482.461
29550.3
8082.56
1244.15
697.346
591.611
1905.78
821.129
7376.93
2566.34
844.546
499.522
10901.7
1155.99
2065.16
2401.64
2365.18
405.797
13349.7
1986.21
4533.67
1480.16
17464.5
46877.3
10900.1
208.924
830.408
3778.81
41297.2
810.562
449.717
1039.02
761.29
1526.98
2966.93
29039.8
852.117
24964
518.496
1894.63
453.887
15368.7
588.709
61852.3
87779.6
52206.1
7328.73
3987.16
836.971
150.181
2515.15
222.379
823.223
45261.7
817.686
4500.11
3422.48
813.42
3739.35
1793.94
2181.51
1422.08
2143.46
523.073
38001.9
922.223
4206.86
3823.09
1735.52
35084.7
1422.51
2498.73
231.598
26492
24914
6284.54
20201.8
31511.1
1178.44
34291.8
7307.17
1297.2
75005.1
958.845
252.863
914.818
668.142
66620.1
1249.25
533.029
1211.67
19518.8
345.133
448.801
7502.71
1051.88
2632.68
4030.89
1809.87
54066.6
21893.6
19838
1432.91
293.394
7327.04
28496
2833.73
535.002
6893.68
437.529
278.689
609.931
292.091
3392.96
1304.54
416.106
2493.82
365.059
13008.7
3212.79
2671.54
3391.27
7927.01
44829.2
2761.75
11690.1
1823.57
594.195
6107.01
766.615
348.469
2618.55
744.811
72761.4
450.788
1420.02
632.799
6288.59
247.597
7501.25
7158.14
3990.49
533.728
8932.49
7598.22
2731.84
292.284
297.019
241.14
339.637
17409.3
69981.6
24693
10072.2
424.504
1519.9
4021.28
595.752
36559.2
2296.51
2280.55
394.708
703.373
61888.4
41766.6
2755
16020.4
468.291
1242.86
21942.5
7778.27
533.4
823.342
91228.1
1904.97
17270.8
290.044
524.996
31336.9
2090.53
181.705
3320.59
1762.2
156.591
3248.22
1010.96
6716.21
789.156
88352.3
3519.08
39877.6
1134.91
13510.8
2018.33
494.297
265.836
968.932
3615.32
9206.93
5098.93
989.567
4865.19
2034.6
7388.73
15075
2498.25
960.908
2428.72
1716.14
3941.1
18416.3
6248.6
114142
405.145
8090.21
795.965
2402.45
21643.8
5860.96
327.27
3724.63
932.637
489.234
601.946
65496.2
2732.37
2703.8
871.997
950.291
18723.6
1816.97
32454.3
3584.37
130.715
7955.2
928.194
182.122
54038.6
18223.6
18157.3
1810.09
7334.75
37222
1586.61
1137.99
628.36
4054.34
1879.05
1948.26
331.271
864.189
33774.9
6984.96
536.689
6907.46
259.309
538.03
6950.34
519.742
1879.77
2661.52
624.596
3239.06
2085.74
29529.9
4186.39
22304.7
579.946
4416.37
176.035
9823.84
718.35
3425.39
2986.86
4359.03
6956.24
703.741
69291.7
1574.08
4848.08
873.086
4300.12
1230.76
8316.58
3796.23
2391.86
16319.7
42782.4
3074.63
224.052
24211.9
603.564
5051.11
62005.5
1044.87
1799.45
5082.09
40365
585.029
44708.4
16478.8
142.904
4529.93
405.914
1796.64
22618.2
3978.22
631.904
2746.93
2130.07
280.935
187.651
3511.46
904.337
3919.38
687.828
1211.52
627.565
11415.9
647.494
2470.1
107.936
4496.47
1523.12
9752.65
12780.8
5143.94
1198.9
1009.31
351.617
2373.64
1050.73
2292.83
7876.78
35184.8
537.549
8470.05
39508.8
1373.13
27658.4
268.786
1096.58
192.805
1263.4
1840.49
90.3602
392.696
394.812
29233.2
303.156
6872.23
17722.1
363.748
2755.28
960.74
1252.6
5192.22
2270.16
603.535
530.699
1640.6
1430.49
1148.97
282.3
39865.3
5277.34
296.262
1551.3
254.443
804.15
19233.4
1900.79
917.437
3442.37
1927.31
1872.19
11949
7642.81
6579.23
20174.3
10523.4
1405.82
3661.34
779.572
469.857
3984.92
945.536
1897.41
3169.09
3806.11
231.03
1095.85
2435.9
1432.76
199.466
352.998
630.271
1556.41
2291.43
840.777
326.739
149.993
355.062
630.865
399.419
231.535
2124.17
1631.49
1870.94
82521.7
947.271
5757.82
20564.5
2920.88
12480.2
2794.18
923.395
3899.67
47946.8
23999.6
13178.7
327.794
385.199
924.426
450.309
1648.01
2279.44
1529.2
15238.6
1258.08
12056.2
5575.25
1722.87
3008.65
5916.06
403.221
1274.63
48697.7
910.717
51396.4
1901.05
476.587
973.742
307.912
21376.5
500.625
14221.8
7141.45
41506.3
22968.1
1998.16
834.001
8670.21
49060.1
50029
4108.4
4398.21
204.862
14789.3
3013.07
974.81
406.599
1871.4
1019.28
6469.13
140.587
2961.59
2865.27
1447.55
5132.91
1483.99
475.344
1133.34
14886.7
1953.79
12821.2
1276.46
1110.34
19432
26334.9
596.06
2613.72
237.074
1263.69
1015.22
652.152
565.278
570.471
22574.7
6894.04
120.318
2027.84
461.918
1026.56
536.693
1194.77
70760.3
1181.25
3045.55
11230.8
44569.6
3312.46
5561.06
1031.36
1011.02
622.156
1054.18
5324.04
111.808
2721.73
12314.4
3613.32
3529.87
568.905
3530.22
797.504
23291.7
41564
147.363
1534.6
18771.2
19516.4
211.37
3212.39
614.192
502.256
354.814
197.787
3074.91
5254.4
31340.4
43986.7
3778.76
252.405
25683
4472.42
7002.48
247.801
214.828
840.173
4949.71
21680
474.385
1283.74
10678.5
2217.14
343.794
525.581
2254.41
2342.41
2390.36
457.793
462.725
169.904
65517.3
83307.6
2891.16
2475.03
1703.14
10314.1
405.444
2044.91
633.408
1034.75
446.995
4885.13
1551.96
426.214
65302.4
599.098
36612.1
11300.5
3317.56
31694.9
13244.3
3609.29
1254.29
617.7
9612.7
4424.96
478.345
1549.16
3062.62
29488.7
405.815
25806.5
1481.97
870.266
444.957
33348.9
739.541
39365.6
3342.56
1207.93
618.618
1090.71
167.926
2359.59
811.371
14477.7
448.958
836.302
257.11
228.328
258.395
6071.82
1019.09
1266.23
10931.9
3552
210.685
484.194
402.807
20999.2
436.42
3139.74
644.607
34279.5
2609.2
1056.59
325.606
1420.84
230.503
17930.7
341.171
690.322
3722.04
520.578
660.079
130358
673.318
16678
44352.2
1660.32
2096.7
3148.45
411.444
32404.4
27537.5
32829.1
59249.6
8878.59
5087.26
13038.9
31643.5
362.721
355.542
1418.24
163.414
14827.5
833.521
2815.04
336.119
184.55
1153.54
4898.37
2020.35
43508.7
8555.58
324.415
462.268
886.424
2456.15
2140.68
1022.93
6968.83
876.34
2484.76
1062.65
756.786
7196.1
675.883
24050.7
4658.92
23910
820.724
527.337
6499.21
865.935
113.059
7562.49
813.323
14632.6
190.415
5489.18
436.634
8492.54
17487.2
1650.15
1830.41
21361.6
25393.2
4845
508.242
2236.74
130.091
32740.7
182.929
4592.04
1583.85
1270.77
22525.1
1260.71
9330.92
2317.2
3194.88
4433.47
1154.88
1760.54
755.897
1786
29797.2
1310.21
1231.06
1208.19
45519.1
26201.8
71973.3
357.649
1301.84
2058.6
181.072
302.173
2209.34
1559.79
2199.15
259.261
843.112
30133.9
27305.8
5088.65
458.91
219.452
1088.76
1152.72
395.934
34663.2
7731.11
21314.4
60473.6
703.127
47892.4
33623.7
15195.3
19719.5
635.05
432.581
847.54
8994.55
342.612
25284.1
4526.87
1975.88
9774.91
841.049
7419.31
7527.37
17144.3
1554.57
147.14
4032.84
1313.84
537.633
19476.4
34046.6
1597.12
1381.25
937.29
429.065
742.593
746.997
1372.04
354.865
3226.65
206.062
6967.92
38398.9
5297.1
10226.2
203.06
42627
696.845
5582.43
820.666
3555.39
805.252
3692.66
4739.32
7077.79
54786.7
557.953
37428.7
22313.4
253.084
1656.77
921.746
42980.8
1052.99
44903
25965.5
30989
369.541
13878.3
9882.79
4838.11
12341.5
2637.94
14509.4
8744.69
378.966
195.021
30832.7
364.678
1180.88
14365.1
541.075
819.078
916.164
200.811
649.776
5673
392.109
7445.99
3121.5
953.609
388.534
6704.9
27983.2
1266.58
5036.16
894.767
1853.56
2557.15
214.609
737.885
16464.4
4849.33
5168.91
1892.21
293.5
15063.4
4760.48
2934.42
1547.79
99956.1
785.888
1982.69
3291.91
385.958
965.743
1718.49
1601.65
502.16
11192.3
2543.5
1377.73
1703
3830.47
42058.5
1259.05
746.165
1354.85
10288.7
1246.68
12590.4
1458.48
1015.72
654.042
620.609
1502.57
1213.06
53626.3
43290
25673.1
1133.52
345.395
423.319
4273.81
1225.95
1667.7
1441.32
2878.31
2067.67
846.512
4444.28
2145.91
15976.6
1218.46
3462.85
265.254
1365.34
1958.9
53100.8
24063.8
365.705
2486.89
781.773
450.105
1681.5
22616.8
62632.1
28639.3
1045.86
24761.7
6344.79
667.634
393.614
277.378
4178.45
1183.07
22032.7
911.583
54632
814.064
35859.2
20210.2
4393.26
807.37
608.45
2511.49
1403.86
1321.48
14698.4
600.861
1153.37
1069.06
22474.5
1346.42
51799
499.101
1524.64
8286.66
168.676
1811.44
6155.47
5710.07
6872.86
8838.65
6470.94
19385.3
4911.7
2431.89
3509.88
10217
3033.27
23092.8
1156.98
11836.1
28658.4
872.122
20036.5
1885.76
1506.91
17229.8
13543.6
1339.44
24733.7
281.02
1132.78
1625.24
1129.94
10492.1
23685.5
534.268
1513.08
258.409
1178.29
581.795
269.843
28609.6
720.617
673.78
107502
41766.2
391.147
1503.94
2189.93
5833.5
38131.4
243.291
32239.6
668.167
236.812
954.882
20035.4
517.9
2635.95
477.377
14497.5
1810.45
45962.8
10289.2
89470.5
15969.8
14160.4
9154.57
2140.51
7105.94
938.146
2663.81
377.052
304.64
61707.7
1179.1
199.434
309.463
1703.31
13470.7
7402.81
1118.1
1438.39
425.188
26910.1
1327.38
243.327
600.257
794.008
65115
822.682
914.557
265.31
4938.54
297.746
1315.07
998.048
15510.3
353.497
62291
904.686
2556.81
8269.88
113.465
3573.97
523.049
915.467
13927.8
508.556
2970.03
1043.47
44843.5
550.735
16637.8
841.101
7132.99
431.108
1626.04
3491.68
3018.36
1465.9
8736.01
95812
13145.2
1042.76
66575.5
1258.57
13067.6
2802.96
25121.6
1356.08
1381.15
7794.77
2186.92
3498.14
53555.5
2697.78
256.967
612.531
8314.27
8083.33
811.599
2173.83
526.829
3500.23
4688.8
4071.24
879.299
1789.9
1226.02
6081.09
1069.35
51284.2
1959.62
2817.46
21555.9
10542.6
6726.75
1525.55
5213.51
862.575
636.832
880.301
1223.35
1535.47
1311
1358.77
6756.36
1205.27
16348.2
4978.59
11513.1
5611.34
256.444
679.572
773.955
2621.55
3420.87
460.79
1576.36
95266.2
2634.68
2814.13
376.826
6874.49
547.873
442.455
674.897
1934.47
12737.5
7836.93
15441.7
28149.9
746.317
1173.64
3234.85
929.56
2744.69
53298.7
558.476
1188.29
2374.41
1696.24
15895.3
208.054
1776.26
29861.1
13091.7
16490.8
2116.21
949.64
968.271
441.296
33469.8
1035.99
1739.83
2847.39
17258.2
1273.28
4185.26
214.355
3236.19
55220.8
672.847
1557.13
14480.8
1072.66
7167.33
744.714
328.733
16869.7
17696.8
790.4
973.697
61540.6
357.426
427.264
549.704
47721.7
43422.6
1659.36
10565
2862.81
339.833
60446.8
393.859
10540.3
3227.56
3523.82
5605.24
20031.1
3007.02
2872.48
741.836
2299.91
242.429
5505.64
234.873
596.369
2469.44
4412.74
391.994
29033.7
4592.56
649.974
395.775
4892.02
2409.28
3322.45
679.343
2712.02
4395.71
1291.9
4211.6
1731.12
1575.31
1492.37
288.862
625.492
318.461
14522.1
1958.65
948.875
3100.04
71007.5
1158.17
2379.29
1118.64
1103.44
2847.68
30725
1278.16
654.522
1471.62
699.598
1472.48
1063.34
883.361
5299.39
26301.9
31409
7650.22
768.233
59008.5
61912.7
2794.27
15886
77615.5
16811.7
1659.48
391.867
39324.5
807.65
745.893
3589.98
31425.3
427.524
1255.43
11465.1
1514.68
20196.4
227.687
428.828
440.555
17661.7
860.313
3642.59
16979.4
19347.9
909.279
15265.3
515.192
492.814
2511.8
218.674
931.31
46271.6
1218.87
2343.16
376.474
1813.56
8434.08
673.14
211.032
9929.65
1012.23
560.942
2231.67
6140.66
1514.65
942.498
415.246
1343.88
2197.23
1989.57
10548.9
1504.58
2352.83
1304.24
18787.2
2488.65
8159.52
1070.22
36623.1
9513.42
3247.06
1935.48
10862
1718.95
2709.53
3612.34
17676.8
4369.12
7365.63
864.712
971.381
5461.7
277.591
699.896
8865.34
16317.6
640.019
46032.2
10512.8
25763.9
893.843
4253.5
520.94
13600.9
2598.36
67610.4
3178.68
1001
23852.6
55009.7
27763
819.705
1516.06
9044.81
8120.82
37891.2
154.731
513.135
11436.4
209.556
1488.03
937.896
1479.88
1004.15
1516.66
31056.3
837.491
3449.32
1354.35
8420.22
3968.72
2381.91
402.051
244.982
192.934
10851.6
285.462
580.925
40079.8
1101.4
2018.38
1350.13
5033.35
3607.11
1135.86
6198.03
1252.01
56422.4
3348.94
140.834
465.358
615.229
22989.4
6321.81
11204.9
1332.14
296.667
51249.6
349.99
552.942
10015.2
2895.93
920.944
3236.39
34868.9
418.195
1181.84
2183.11
5651.16
4667.84
14625.7
2879.05
26567.9
1040.38
274.13
657.921
1103.7
634.408
46013.1
253.41
370.725
2295.44
1862.92
47545.7
2140.21
7669.87
21792
379.947
11883.5
90.6574
15062.2
517.305
1923.25
805.958
4587.89
2994.5
39692
4794.65
11818.6
27078.1
115.788
4855.8
1008.55
37654.4
57734.7
306.93
1552.9
565.09
1877.97
609.903
1078.83
916.208
1373.53
968.876
645.043
12684
26632.4
800.256
12663.1
58062
368.692
57984.4
1837.04
4533.31
27133.9
2558.64
229.765
533.359
15667.9
313.775
2808.3
2984.31
426.492
11062.7
19135.4
2868.15
937.686
1103.25
290.122
7979.33
118.593
5945.31
2434.53
293.464
4595.15
683.961
23791.4
165.134
18357.2
3361.11
680.172
11869
456.165
2777.2
496.845
32377.4
1565.31
495.674
19170.8
204.873
16779
14596.6
293.8
1221.75
445.775
250.672
2238.07
914.702
499.879
3121.74
9708.17
37331.3
457.687
38781.6
55051
259.09
424.096
2555.95
416.549
2993.74
420.16
1415.69
33834.1
6978.97
29953.8
37341.5
691.842
2228.78
20350.6
1957.81
2637.69
31127.2
869.08
383.71
76258.9
254.574
13846.6
9101.34
459.089
413.965
10877.1
1182.52
693.758
150.018
281.501
246.488
1979.67
3903.58
7479.87
2249.24
543.326
8907.35
1456.51
684.554
751.723
14320.2
2052
530.792
782.095
4552.9
826.838
5633.83
3249.91
986.203
599.744
356.057
291.033
693.209
5590.66
365.213
18457.8
726.218
4628.3
6084.09
11266.8
24228.8
30453
19213.6
865.753
3932.15
74887.8
1348.96
1025.89
1690.04
1045.39
947.433
8239.65
9876.14
240.617
9898.32
1423.31
391.915
405.972
791.544
338.143
2159.17
6378.54
45926
1508.81
5362.52
47336.5
468.489
2954.06
2139.08
4633.54
368.912
27190
3432.28
23661.9
1863.69
32593.5
1873.71
313.467
7916.81
38926.4
13587.6
6201.35
674.076
3597.45
50317.8
2923.71
1113.51
17232.9
24098.5
2602.96
1657.48
1331.9
11331.8
566.964
46628.3
1562.13
23321.9
2051.79
333.013
2183.8
181.948
7523.09
9050.23
4009.5
518.48
146.799
2105.12
19306.3
16368.2
64473
8063.31
402.591
24430.9
555.186
2434.67
2251.98
380.887
4795.31
746.536
1061.09
238.811
25871
15314.8
24413.7
2613.6
2139.75
4483.56
602.535
11181.7
38875.4
2424.81
3710.63
2134.68
720.662
12771.9
1869.8
6582.06
3895.59
21058.6
2994.39
335.66
44485.4
6951.48
49262.6
1749.83
745.485
645.684
592.019
2811.25
124.165
1195.8
504.542
3821.96
12881.2
1248.25
10732.4
201.718
395.067
839.753
2384.59
13201.9
125.549
7810.8
672.251
17613.7
240.515
19550.7
10973.3
10566
18733.9
514.497
892.493
421.578
1341.38
202.792
1325.61
157662
985.984
716.658
54572.5
24168.4
780.584
16024.3
21643
1332.62
1629.78
2542.02
1029.3
3046.72
783.932
2746.02
1623.88
884.873
2823.25
825.057
32748.4
12948
1766.95
1244.58
331.286
895.86
3323.43
433.382
2652.56
745.201
121.674
295.103
1254.44
37185
26406
596.257
1235.06
7042.38
768.514
2901.65
1672.97
298.377
772.915
52402.4
1459.71
29515
111.954
1480.35
204.276
1162.49
10126.8
2698.53
1584.19
263.043
1974.34
5416.89
1983.11
332.283
2778.72
21957.9
8417.42
217.625
6445.77
1487.3
24258.8
38889.5
33018.9
5122.69
33881.2
16784.6
221.656
836.166
52062.3
4328.69
2047.57
17143.3
3047.7
7386.83
1353.19
4568.78
7492.55
1119.86
467.621
5871.64
10109.3
48844.2
1158.08
34053.7
36094.7
655.3
1064.45
782.565
9095.33
896.717
5632.32
130.292
9945.03
1396.85
33068.9
365.335
518.733
837.647
10049.4
3728.16
729.615
197.576
6667.13
40076
24959.9
1323.62
55922.1
50981.6
7473.93
31798.4
17067.4
41210.4
2042.91
13915.2
2625.58
7663.4
36297.2
29073.6
169.641
851.893
27791.2
67675.5
15909.1
5985.24
558.868
12432.9
37573.4
4600.5
269.303
7774.94
2787.7
3409.42
230.217
1218.76
894.695
5597.35
6098.44
293.8
5951.83
776.9
46981.8
12373.9
1710.73
1934.65
1037.26
1379.72
25468.3
1189.74
7641.37
6491.85
828.557
2445.18
8837.23
182.833
177.164
2145.17
532.941
127.05
14647.1
1446.39
674.397
62767.3
39005.2
3029.35
1610.86
3093.9
3449.33
516.721
33459.9
336.867
5996.53
29660.4
11521.2
511.572
1878.23
2680.99
4535.27
2095.65
27945.4
802.542
2153.94
22792.4
27754.3
25297.4
793.673
564.32
3075.4
341.005
563.292
1085.06
2804.61
19901.4
4746.08
51654.1
640.478
8656.9
2995.65
3219.01
1927.91
784.948
483.012
29641.7
3143.74
364.237
156.739
1036.79
1888.64
32592
3256.64
350.479
790.293
499.19
2088.8
828.158
1018.32
735.501
4028.07
3079.98
3741.76
35365.1
7918.42
1371.15
644.294
1619.24
187.475
843.299
438.676
868.349
23191.5
1598.08
1527.9
41901.6
9119.23
1419.02
13621.4
1566.14
432.474
27572.2
41004.5
8528.84
69877.9
24802
4563.29
1747.07
5657.4
10542.2
3995.28
10505.7
3685.88
873.597
688.575
418.185
31054.8
5645.1
1608.88
533.538
219.367
634.411
7315.62
2033.78
9977.95
2823.12
8887.34
270.81
6908.68
178.046
1416.92
217.121
12110.2
11818.9
3437.2
352.348
3150.13
54676.8
1016.41
784.463
2884.42
87692.3
4074.24
505.209
9494.25
5535.07
44002
3408.84
453.198
21323.3
352.462
3162.11
3451.45
7672.81
4609.17
558.543
469.785
3860.92
1788.93
19286.9
591.09
420.811
11442.6
875.155
1977.85
16674.6
36849.1
589.888
1816.89
2100.61
2135.85
19427.5
874.275
1643.17
1365.12
583.282
1080.63
35235.8
1212.79
17870.1
581.974
1377.11
242.629
30767.6
4176.69
1100.25
15931.8
31268.3
20024.5
5286.51
4164.8
1032.33
116.914
7987.3
475.755
519.168
463.971
4970.65
3859.41
150.104
441.721
7189.32
3099.29
14802.5
2410.94
28490
410.599
28836.8
1115.86
284.937
12662.8
851.146
6072
421.885
1039.38
241.668
18565
248.202
13063.4
6543.14
773.199
27814
26612.6
7848.77
4904.53
10968.5
1263.98
473.607
335.133
596.026
277.192
1595.11
1591.52
17116.3
364.338
8864.14
651.282
66235.7
15532.3
3303.1
4201.19
953.421
26669.9
1149.93
247.991
1667.6
25498.4
725.767
19263.4
39201.2
16197.5
4442.24
2664.74
12407.7
2600.22
3004
601.819
8522.66
11467.6
468.18
16246.6
1044.36
1695.18
1648.78
1320.85
122044
13157.8
3656.76
834.166
452.465
570.159
312.995
161.275
1072.78
47615.5
758.497
831.965
1227.75
465.523
1130.73
10854.1
1685.14
703.978
4215.47
411.458
42012.8
350.24
3309.21
26068.1
6369.13
1709.42
1109.48
4273.48
2836.51
8289.48
520.615
1095.87
989.485
904.153
2303.24
1780.32
1401.84
30589.9
508.76
615.606
237.022
10380.6
585.823
10446.4
17986.2
1666.32
735.092
543.672
816.811
19816.6
3321.27
489.411
903.247
1342.7
581.298
22698.9
533.015
11538.1
26477.9
1236.16
7919.03
480.501
5785.83
50118.7
11526.9
1350.15
841.709
451.372
268.455
5986
3555.16
33218.3
278.736
453.019
911.489
119.542
854.169
39237.9
7364.24
1723.49
811.403
24709.3
928.493
21916.5
2974.02
14070
6347.66
574.47
688.361
2779.79
38021.8
332.217
7511.51
2790.66
480.667
8254.99
171.68
17263.6
439.12
8150.55
5024.91
35207
556.078
252.658
9405.1
2282.32
476.845
44528.9
2197.89
21323.2
5273.59
230.984
33604
226.412
1540.82
467.804
13766.8
10124.6
46762.6
223.28
340.59
806.507
525.885
3484.47
4891.94
5818.36
9420.09
4076.22
7257.78
113.331
705.208
777.53
1369.08
469.196
6401.59
14840.3
1104.27
287.762
845.398
1716.66
1452.1
8092.1
919.543
2077.98
4197.9
1050.29
1428.19
5295.26
16208.1
1436.5
383.577
362.628
2736.15
389.736
2439.6
1107.27
18977.2
548.017
1451.18
2894.67
315.251
36410.9
803.076
39369.3
905.304
9089.44
56718.6
7412.05
6697.61
1064.66
788.921
18970.8
3818.53
1572.11
6090.91
1479.99
83121
2035.57
640.585
19153.6
917.871
6404.49
1278.43
11192.8
1189.61
1424.98
16562.5
9218.66
37755.5
23534.6
300.543
53779.9
27275.2
3475.25
3203.38
1689.22
51175.3
1478.28
695.715
752.003
1718.49
576.605
837.673
379.57
1956.48
245.938
17083.1
7899.43
10778.4
9677.48
6259.47
379.215
9377.55
5648.56
669.077
386.338
63366.1
194.874
656.9
5949.15
13511.5
247.476
1368.77
115.763
2340.22
49576.7
2271.06
8285.15
43191.1
155.502
633.189
5213.66
2407
4074.49
1107.27
3399.8
1316.75
21648.3
12422.3
12879.1
2221.63
27860.2
832.256
4331.51
2621.7
14300.5
466.736
6364.76
2069.6
1290.45
242.995
5998.66
2038.19
488.228
45402.1
328.288
976.979
4576.57
12188.8
1483.91
1205.8
3356.81
516.903
12510
2237.1
263.266
3954.58
714.533
1485.63
8304.95
28095.1
1064.85
14039.7
311.4
1153.34
12925.7
4221.94
27108
3978.74
2784.5
4941.41
1133.62
24384.7
209.653
1225.04
2943.99
3456.46
12112.2
1900.34
5175.57
1355.82
4267.58
10516.7
1225.86
3452.04
535.888
3116.66
4584.26
30700.9
2484.82
812.502
2438.85
17647.5
145.447
4596.3
10684.7
408.028
1088.96
40505.4
26897.5
1198.24
1544.69
22883.9
626.895
1968.38
2028.7
10519.6
3980.97
184.239
9428.72
32874.6
4269.72
1450.54
3588.46
9290.66
754.019
909.41
160.939
10070.2
682.634
5596.46
40351.7
598.723
1127.41
9927.18
24383.2
47669.7
6400.3
4568.53
54025.3
493.739
206.767
13325.3
2999.48
714.662
45567.1
22433.1
4368.11
2014.03
1461.98
1423.2
2763.82
258.047
815.037
315.639
55270.4
15453.6
15663.9
5873.32
2857.61
654.236
1976.15
397.776
423.077
701.911
3442.54
374.233
31588.2
23376.1
3967.73
1333.71
6437.25
10053
