53348.1
48521.9
44894
41179.6
32836.1
107187
19725.9
53294.5
23873.9
59626.9
78969.9
20070.2
35242.3
27220.9
19636.5
20955
27647.2
36574.3
8537.94
19801
50802.1
22915
40946.9
13794.5
35920.6
17034.2
84067.1
22872.7
14312.4
42028.6
16083.3
42372
23478.5
33678.1
22556.8
11905.7
22525
30181.7
32748.3
52719.1
98294.9
21146.6
61960.1
29269.6
12059.1
43601.7
76012.8
72935.5
28580.9
32608.6
37467.6
28503.7
17167.6
16227.8
47604
17787
28671.4
19134.4
27104.1
38641.8
22745.2
20761.6
36326.1
52134.5
68937
31211.5
18680.4
45076.6
17929.2
17602.7
12131.8
20049
33833.7
24186.3
14066.7
49276.5
20168.5
6351.71
40860.4
49805.7
52979.2
21830.5
26654.3
16280.7
30768.8
35146.9
15634.9
61402.1
48915.8
39062.7
34625.3
25032.2
11235
32826.6
21456.1
15896.3
36887.6
33198.4
41488.6
35340.3
42009.6
29994.7
11957.8
39023.9
22343.7
28993.4
48201.3
30727.1
34685.8
27870.9
19528.8
20848.9
29679.9
17712.7
29948.6
12536
14183.3
18565.4
16746.4
23453.7
16898
31039.7
28583.7
7342.94
34539.3
17476.6
17510.8
11935.7
23579.8
15842.3
68589.6
15358.8
15282.7
51990
16339.2
56229
37067.6
20088.7
39310.9
7315.01
13972.4
46621.5
16429.3
14975.9
16525.8
18094.7
47290.1
19708.5
18691.2
18531.6
47063.3
14738.2
26611.6
44116.6
29139.2
23768.8
19475.7
20122
63302.2
30870.5
10716.9
32810.7
41160.1
36788.7
28874.2
78213.6
37450.9
36259.6
59598.9
33223
20764.4
26860
19108.1
29567
42736.3
13113.1
25881.3
49022
14535
37936.4
19930.4
17642
29180.9
23252.4
22647.7
32774.7
41712.6
13153.5
33941.6
8043.61
20095.8
29562.4
82787.2
19002.5
18307.8
10565.9
35708.8
31563.7
30181
19896.7
56620.2
41499.7
29342
20729.8
33386.9
32443.4
23452.8
35957
47501
12691.3
40095.1
46314.9
22501.3
43518.3
27605.4
13987.4
16047.5
30740.4
23182.9
41972.7
17504.5
29289.1
59533.9
42117.6
22201.1
74010.7
23294.9
23669
20583.4
30507
12735.3
15949.5
27502
31061.5
48624.7
15592.1
25423.7
42746.4
24545.3
24339.1
17426.2
42237.6
37586.7
40064.5
11557.2
71645.8
32500.5
10297.3
52233.9
72435.2
43481.1
54177.7
38664.6
48859.7
34493.5
25586
73485.5
54860.1
26491.6
35341.8
13569.1
27332.3
35807
13805.6
41686.5
30961.5
50758.2
11581.4
15324.8
62268.3
23870.7
68260.4
21661.6
16339.3
41894.2
62689.1
43044.3
20038.5
83164.5
6427.6
37237.1
13491.7
40722.4
27896.9
30154.8
26441.4
13302.9
16459.7
104379
13661.1
26384.4
27965.6
28785.4
29127.6
19556.2
25736.6
29874.2
17118.8
19628.4
34657.8
60716.4
63707.4
39663.5
17368.1
11889.1
15827.5
21446.5
20694.4
19870.3
19335.4
45280.5
61208.1
28007.9
19162.6
39975.7
52790.1
31015.4
10470.7
23096
84836.7
14838.9
17019.3
9034.14
23313.1
17983.5
19706.3
43870.6
63613.5
26946.6
17572.4
29031.2
25983
49144.5
44202.8
14216.5
12143.8
22773.6
38450.6
44425.6
30655.3
36891.4
16136.5
19266.4
15999.4
29718.7
30949.1
18497.4
52978.4
16531
6906.52
32149.4
71089.4
20792.2
29233.7
8962.28
15990
79701.2
7883.48
43601.5
9239.08
20361.3
27807
34992.7
45860.8
28639
17464.1
36111
9746.65
31109.3
39515.5
9495.83
13661.2
29854.4
12354.2
17746.1
31659.6
32758.1
59201.4
42564.1
70401.3
20145.1
45070.6
27204.6
32474.6
35297.6
7787.87
23123.3
9251.05
10073.7
17824.7
30857.8
49118
29436.9
23399.5
24565.2
15177.2
12984.9
40600.1
15652.4
12745.7
12313.6
46508.6
18349.9
22242.2
41532.3
45023
51253.3
13655
52203.2
44972.6
22738.1
23249.7
68739.4
39992.1
50570.2
20050.2
37363.4
31326
21378.9
32983.1
37344.5
12968.2
35346.5
55373.1
33559.6
33774.3
19821
15167.2
40889.5
38403
15881.8
24830
18786
28436
21466.4
52755.8
8559.67
21278.6
18058.7
46371.8
8554.25
38366.6
29190.7
26424.6
44086.4
14847.2
15590.1
10148.6
12205.4
8727.45
19448.9
10114.6
55892.2
17361.2
96934.7
28293.9
28981
17771.1
21170.3
12245.9
34957.4
24880.7
15544.7
34822.6
27101.1
9541.67
14321.6
28025.3
31287.7
40831.1
20760.3
57576.1
32151
37430.1
14167.5
47820.6
21115.2
13976.8
18007.3
10282.4
41190.5
7108.91
48911.7
37349.9
51139
36137.4
59381.5
14198.9
14167.2
33516.4
18048.8
30856.5
37900.5
59330.7
57400.8
33195
34086.8
13275.9
20621.2
27087.1
91422.1
22308.7
20715.2
20716.9
19749.1
22468.2
38435
24197.7
51904.8
27959.9
49228.3
43227.9
16345.9
36559.8
46313.8
31513
29773.8
9314.57
40229
72910.9
10750.6
24429.2
35330.8
10005.6
16079.8
50625.5
60197.4
32377.3
27120.4
101001
8762.03
25393.5
19819
24389
25463.2
12338.4
20143.1
32126.4
75474.1
53915.1
18382.9
27814.2
45782.1
31982
38332.6
40434
29255.4
15080.6
9883.33
43650
34635.1
28002.5
7321.45
31420.2
23471.2
55845.9
14182.6
15128
24130.1
17900
23240.9
15725.9
25456.6
33609.4
33121.3
74198
25089.2
36070.5
23495.3
58797.6
19766.7
9759.1
19836.5
22021.7
13411.6
20640.4
50208.8
44039
19377.1
8225.44
13853.4
27458.3
16455.3
8775.94
23916.3
31117.5
14072.1
22904.4
50303.8
63895.3
26140.5
9830.59
13468.8
13335.2
10911.8
56298.5
13016.8
21594.8
49234.2
29900.1
5800.64
39089.4
8291.21
22201.3
27270.3
9203.37
41729.5
21139.9
58687.3
19731
18824.9
20194.8
38869.1
43801.1
55503.2
27592.1
18677.9
25263.4
43591.7
39386.1
73187.8
17943.7
32906.4
10754.7
69963.3
51493.8
33062.6
19917.6
36143.7
13873.4
33807.2
19498.4
175334
21310.1
37991.4
59884.7
20929.7
39015.1
28049
12135.2
23980.5
14409.3
14051.1
21940.9
20262.8
31811.1
40946.3
14630.3
20140.6
12315.3
11527.8
52878.9
42746.6
26116.3
11863.2
20120.8
82179.1
13422.2
17557.7
21160.3
30736.6
24229
25154.6
14766.3
45924.5
32075.4
24000.5
13591.9
23180.1
14949.3
40222.2
32165.8
19476.3
24986
7601.81
9297
12260.1
49410.2
53803.8
9927.37
20407.5
13732.1
26242.7
68790.4
20557.3
49940.3
28781.1
35683.5
27300.1
32466.2
39323.4
11792.4
17232.4
30062.8
20911.4
37638.7
19121.4
10434.9
32856.6
21681.1
16137.4
10484.1
35170.5
35478.6
12698.5
15494.2
60646.3
27597.7
20840.2
53951.8
9974.45
23973.4
22897.9
24001.9
33469.2
12869.8
19910.2
17264.5
35192.6
26225.1
37428.4
86233
53028.2
103915
23547.7
36169.4
70510.2
29270.7
7861.04
14545.3
10852.4
33710.2
10149.8
48297.6
56161
26754.5
47105.6
20323.5
112819
26449.7
29676.1
8937.25
31877.3
26470.9
35543
43487.8
25560.5
15647
34204.6
47736.8
43593.8
14901.9
21278.5
13642.8
25425
44361.4
13292.5
12064.9
41716.9
16681.8
16937.1
27354.6
29550.3
10901.7
41297.2
61852.3
52206.1
38001.9
26492
34291.8
75005.1
66620.1
21893.6
13008.7
7927.01
11690.1
24693
36559.2
61888.4
41766.6
16020.4
17270.8
88352.3
18416.3
114142
21643.8
65496.2
18157.3
37222
33774.9
29529.9
22304.7
9823.84
69291.7
42782.4
24211.9
22618.2
29233.2
39865.3
10523.4
82521.7
15238.6
21376.5
41506.3
44569.6
31340.4
25683
21680
83307.6
31694.9
25806.5
20999.2
34279.5
27537.5
32829.1
59249.6
13038.9
14827.5
21361.6
32740.7
45519.1
26201.8
30133.9
34663.2
60473.6
25284.1
17144.3
42627
54786.7
37428.7
30989
12341.5
30832.7
27983.2
16464.4
15063.4
99956.1
42058.5
43290
25673.1
15976.6
22616.8
22032.7
20210.2
22474.5
51799
23092.8
24733.7
38131.4
32239.6
45962.8
89470.5
61707.7
26910.1
65115
95812
25121.6
53555.5
8314.27
51284.2
21555.9
10542.6
12737.5
15441.7
15895.3
29861.1
17258.2
55220.8
61540.6
43422.6
30725
31409
61912.7
19347.9
10548.9
18787.2
36623.1
17676.8
46032.2
13600.9
67610.4
23852.6
9044.81
8120.82
31056.3
40079.8
22989.4
11204.9
14625.7
26567.9
46013.1
47545.7
21792
11883.5
37654.4
57734.7
26632.4
58062
23791.4
32377.4
19170.8
38781.6
37341.5
76258.9
10877.1
18457.8
74887.8
47336.5
27190
23661.9
38926.4
24098.5
11331.8
46628.3
24430.9
25871
24413.7
17613.7
19550.7
18733.9
24168.4
21643
37185
52402.4
29515
24258.8
48844.2
40076
55922.1
50981.6
13915.2
27791.2
67675.5
39005.2
33459.9
29660.4
19901.4
29641.7
23191.5
41004.5
31054.8
9977.95
11818.9
44002
35235.8
17870.1
30767.6
28490
12662.8
27814
26612.6
19263.4
16197.5
122044
42012.8
26068.1
30589.9
17986.2
19816.6
26477.9
50118.7
39237.9
24709.3
14070
38021.8
17263.6
35207
44528.9
21323.2
13766.8
18977.2
83121
37755.5
23534.6
17083.1
63366.1
27860.2
24384.7
12112.2
30700.9
40505.4
22883.9
10070.2
40351.7
24383.2
54025.3
45567.1
31588.2
